********* 0th iteration of graphs******
For sparse graph:
1th iteration of source & target

Dijkstra without heap time taken is: 0.025612
Source: 3505 Target: 1642
######################
3505 2026 2027 3001 638 3792 4686 2761 769 3660 429 1504 1158 1130 1275 3755 1107 1106 1478 1477 3348 1646 1647 1834 1257 2931 1306 3458 3459 3245 2393 2392 3659 1364 3139 499 986 985 2489 895 3936 2153 3125 3189 1402 3715 3714 1549 1550 1861 2728 1725 243 4465 4464 4463 408 409 410 411 1270 654 2608 2421 1462 3588 3587 2826 2825 2108 2648 2293 2292 56 145 3405 3404 466 2220 1430 3373 311 2657 3805 3804 4455 4454 4313 4092 1641 1642 
Max bw is: 3880
######################

Dijkstra with heap time taken is: 0.000277
Source: 3505 Target: 1642
######################
3505 2026 2027 3001 3372 3371 1036 2286 4850 1239 1920 1919 231 232 233 2229 4698 1462 3588 3587 4863 1738 1739 1740 3904 3697 4246 3699 1639 1640 1641 1642 
Max bw is: 3880
######################

kruskal time taken is: 0.009886
Source: 3505 Target: 1642
######################
3505 2026 2027 3001 3372 3371 1036 2286 4850 2936 2937 2392 1743 3039 2095 2271 3685 3684 3683 3682 3681 3680 1561 3061 3062 4696 4697 3573 1579 1623 3179 3180 4655 4707 4706 4705 4736 3691 1893 2841 2912 2875 2874 1518 1519 1033 2716 4503 4504 3749 119 1755 2275 4128 79 73 72 4858 1958 4937 2793 253 2308 497 4570 2966 4844 3652 1051 3021 3020 3019 3636 3635 4970 3101 111 42 43 75 328 1642 
Max bw is: 3880
######################

2th iteration of source & target

Dijkstra without heap time taken is: 0.024079
Source: 4230 Target: 1815
######################
4230 4231 3868 1167 3331 429 428 499 986 836 835 300 2024 681 2871 2872 1052 1051 3021 3020 3019 850 849 1813 1814 1815 
Max bw is: 3416
######################

Dijkstra with heap time taken is: 0.005288
Source: 4230 Target: 1815
######################
4230 4231 3868 1167 3331 429 428 427 426 3070 4150 4706 4705 4736 3691 1893 1892 4599 4600 2174 1679 1678 3042 3043 3172 1589 2176 4206 3120 2627 1548 1547 1297 1298 3062 3061 1561 1560 273 1188 2475 3410 4020 233 232 231 1497 1498 4830 4831 811 810 4490 4491 2677 2678 2679 1832 1833 4971 4972 4973 4974 2565 2566 2964 1311 1310 1563 3392 3391 3390 3389 1704 3290 3291 2145 2146 842 843 2675 2674 2286 2285 1933 2345 4026 1442 1581 1484 1485 2432 2431 3678 3679 3503 3502 29 30 3275 3274 695 694 4828 2821 91 90 4639 126 307 306 266 267 3794 3581 4138 3672 3673 3674 7 8 629 3397 4602 4603 3959 1908 1907 1606 999 1000 1001 3242 376 3714 3715 602 2066 512 3574 3573 2500 2499 4702 1135 1134 2819 2444 3077 3076 4740 3332 2228 4624 147 2050 2051 4812 1673 2162 2161 2960 2959 2109 1408 3838 1138 2494 2495 2496 3549 2688 606 4495 4506 4251 4250 4360 4359 2862 1815 
Max bw is: 3416
######################

kruskal time taken is: 0.009519
Source: 4230 Target: 1815
######################
4230 4231 3868 1167 3331 429 3660 769 2761 4686 3792 638 3001 3372 3371 1036 2286 4850 2936 2937 2392 1743 3039 2095 2271 3685 3684 3683 3682 3681 3680 1561 3061 3062 4696 4697 3573 1579 1623 3179 3180 4655 4707 4706 4705 4736 3691 1893 2841 2912 2875 2874 1518 1519 1033 2716 4503 4504 3749 119 1755 2275 4128 79 73 72 4858 1958 4937 2793 253 2308 497 4570 2966 4844 3652 1051 3021 3020 3019 3636 3635 4970 3101 111 42 43 75 328 1642 1643 4537 214 1813 1814 1815 
Max bw is: 3416
######################

3th iteration of source & target

Dijkstra without heap time taken is: 0.012547
Source: 4941 Target: 352
######################
4941 4940 1609 1610 4861 4862 4863 3587 3588 1462 2421 2608 2046 3763 3764 3228 3030 3029 3028 2354 946 1799 22 3694 1313 1314 1711 2386 2387 3880 2162 2161 4273 4272 2800 2799 3506 401 354 353 352 
Max bw is: 3887
######################

Dijkstra with heap time taken is: 0.002947
Source: 4941 Target: 352
######################
4941 4940 1609 1610 4861 4862 4863 1738 1739 1740 3904 3697 4246 3699 1639 1640 1641 1642 1643 4537 214 215 4979 3744 3743 2785 231 1919 1920 1239 4850 2936 2937 2392 2393 3245 877 591 980 981 1 2 4648 4647 3147 2801 2800 2799 3506 401 354 353 352 
Max bw is: 3887
######################

kruskal time taken is: 0.009946
Source: 4941 Target: 352
######################
4941 4940 1609 1610 4861 4862 4863 3587 2826 2825 2108 2648 2293 2145 3291 3290 1704 55 56 3806 3805 2657 4354 1992 1993 1994 1484 1237 2576 534 535 862 861 4409 4410 1135 4702 4703 1458 4102 4101 3776 723 4810 4811 4423 894 895 2489 985 986 499 3139 1364 3659 2392 2393 3245 877 591 980 981 1 2 4648 4647 3147 2801 2800 2799 3506 401 354 353 352 
Max bw is: 3887
######################

4th iteration of source & target

Dijkstra without heap time taken is: 0.061111
Source: 4379 Target: 4405
######################
4379 4378 4377 4467 4468 162 161 5 3144 3143 3000 2999 2998 3434 3700 503 502 63 64 3109 2992 2479 2553 2552 1329 117 2667 2568 1415 1918 1919 231 232 584 585 586 2010 929 1091 1090 2458 1623 2711 2710 880 1116 1117 2529 2546 2347 2666 2665 4911 105 4406 4405 
Max bw is: 3519
######################

Dijkstra with heap time taken is: 0.004489
Source: 4379 Target: 4405
######################
4379 4378 4377 4467 4468 162 161 5 3144 3143 3000 2999 2998 3434 3700 503 502 63 62 4972 4971 1558 3682 3683 3684 3685 1137 1138 3838 1408 911 3192 38 2200 2660 2661 1663 1662 3196 3195 2221 3659 1364 1365 1402 3189 3188 3187 3957 3956 3955 1609 1610 4861 4862 4863 4864 327 326 4831 4830 1961 2518 2510 1534 4773 4772 639 3725 3726 1159 1158 1130 2165 1108 3346 1382 4615 3538 4895 4896 447 2883 2347 2546 2545 2350 4912 4911 105 4406 4405 
Max bw is: 3519
######################

kruskal time taken is: 0.009696
Source: 4379 Target: 4405
######################
4379 4378 4377 4467 4468 162 4001 3243 3027 4452 4863 3587 2826 2825 2108 2648 2293 2145 3291 3290 1704 55 56 3806 3805 2657 4354 1992 1993 1994 1484 1237 2576 534 535 862 861 4409 4410 1135 4702 4703 1458 4102 4101 3776 723 4810 4811 4423 894 895 2489 985 986 499 3139 1364 3659 2392 1743 3039 2095 2271 3685 3684 3683 3682 3681 3680 1561 3061 3062 4696 4697 3573 1579 1623 3179 3180 4655 4707 4706 4705 4736 3691 1893 2881 2529 2546 4540 4539 316 317 4313 3092 3154 150 3821 4912 4911 105 4406 4405 
Max bw is: 3519
######################

5th iteration of source & target

Dijkstra without heap time taken is: 0.037565
Source: 945 Target: 4290
######################
945 946 1799 22 3694 1313 1314 1711 1571 1570 461 460 1861 2728 1725 243 2603 1404 1522 1521 1467 1466 3154 3092 3091 541 540 1661 1662 1663 2661 2660 1190 1191 1192 2739 1378 1377 633 176 3102 837 135 2709 2710 880 1116 1117 2529 2881 1893 2841 2912 2875 2874 1518 1519 1033 2241 2240 2680 976 977 929 246 247 777 778 779 1484 1237 2576 534 535 862 526 2927 4292 4291 4290 
Max bw is: 3646
######################

Dijkstra with heap time taken is: 0.000437
Source: 945 Target: 4290
######################
945 946 2258 4713 4063 3126 3125 2153 2152 4731 461 1570 1571 1711 2386 2387 3880 2162 2161 4273 4272 2800 2799 887 888 2926 2927 4292 4291 4290 
Max bw is: 3646
######################

kruskal time taken is: 0.010352
Source: 945 Target: 4290
######################
945 946 4662 4661 4340 3462 3340 2545 2546 2529 2881 1893 3691 4736 4705 4706 4707 4655 3180 3179 1623 1579 3573 4697 4696 3062 3061 1561 3680 3681 3682 3683 3684 3685 2271 2095 3039 1743 2392 3659 1364 3139 499 986 985 2489 895 894 4423 4811 4810 723 3776 4101 4102 1458 4703 4702 1135 4410 4409 861 862 535 534 2576 1237 1484 1994 1993 1992 4354 2657 3805 3806 56 55 4046 4352 4290 
Max bw is: 3646
######################

For dense graph:
1th iteration of source & target

Dijkstra without heap time taken is: 0.869151
Source: 3505 Target: 1642
######################
3505 2440 1874 4466 1239 1278 246 737 2484 2551 696 4814 2200 1424 3592 232 4510 4003 333 2071 2234 3094 2997 3081 3118 536 2172 1248 4139 2648 4423 3890 3567 959 3457 3658 2638 2162 182 2606 3909 3041 1780 3645 4140 2295 76 3760 1986 3991 1500 1210 476 639 1224 343 1366 2483 796 1642 
Max bw is: 4988
######################

Dijkstra with heap time taken is: 0.832153
Source: 3505 Target: 1642
######################
3505 2440 1874 4466 1239 1278 246 737 2484 2551 696 4814 2200 1424 3592 232 4510 4003 333 2071 2234 3094 2997 3081 3118 536 2172 1248 4139 2648 4423 3890 3567 959 3457 3658 2638 2162 182 2606 3909 3041 340 82 2293 526 2610 438 167 3329 3951 519 4255 4256 3077 1821 3875 1526 963 4581 669 4190 931 2646 2799 2809 2237 4931 709 796 1642 
Max bw is: 4988
######################

kruskal time taken is: 5.46339
Source: 3505 Target: 1642
######################
3505 2440 1874 4466 1239 1278 246 737 2484 1952 4605 2850 232 4510 4003 333 2071 2234 3094 2997 3081 3118 536 2054 3662 1021 1132 4537 4850 4210 4766 3658 2638 2162 182 2606 3909 3041 1780 3645 4140 2295 76 3760 1986 3991 1500 1210 476 639 1224 343 1366 2483 796 1642 
Max bw is: 4988
######################

2th iteration of source & target

Dijkstra without heap time taken is: 0.205864
Source: 4230 Target: 1815
######################
4230 3192 1445 2711 1301 2824 3353 3592 232 2850 952 3460 3929 3661 1847 2142 3171 2271 1192 2224 3128 4105 2175 1856 30 1815 
Max bw is: 4993
######################

Dijkstra with heap time taken is: 0.445272
Source: 4230 Target: 1815
######################
4230 3192 1445 554 4821 4387 4779 1217 913 3859 2772 4491 2217 1570 1960 2716 3229 2646 2799 2809 2237 4931 2673 2233 580 4120 2094 2127 4705 4166 1233 3444 1858 1038 1381 3797 4607 3625 444 68 180 2925 450 1160 2468 3340 151 164 2930 33 1473 179 4087 697 3012 1722 3115 4125 2570 3554 2093 2017 3082 970 4670 4311 4357 1806 3810 4790 340 82 2293 526 2610 438 167 3495 2168 3460 3929 3661 1847 2142 3171 2271 1192 2224 3128 4105 2175 1856 30 1815 
Max bw is: 4993
######################

kruskal time taken is: 2.35824
Source: 4230 Target: 1815
######################
4230 3192 1445 554 4821 4387 4779 1217 913 2373 2629 3762 1329 3659 1305 3274 2555 2791 4114 1093 2005 608 4222 3081 2997 3094 2234 2071 333 57 3171 2271 1192 2224 3128 4105 2175 1856 30 1815 
Max bw is: 4993
######################

3th iteration of source & target

Dijkstra without heap time taken is: 0.847567
Source: 4941 Target: 352
######################
4941 3195 4088 2917 1588 3339 3123 2853 1128 2185 2231 1604 1331 940 343 1366 1086 1278 1239 2356 228 2710 1085 1696 460 2830 2140 1052 1189 1858 1038 1804 972 2196 2693 570 56 967 2502 1758 3034 354 323 2575 759 1681 1548 2892 1273 2828 3054 2216 1492 1021 1132 4106 352 
Max bw is: 4989
######################

Dijkstra with heap time taken is: 0.769492
Source: 4941 Target: 352
######################
4941 3195 4088 3675 3416 3728 3762 2629 2373 253 1179 2055 2395 2801 2881 22 3511 2278 4002 2127 2178 4433 1768 2431 1443 3868 99 237 1923 2039 287 764 3672 2440 157 432 3998 2876 621 319 3267 4740 604 132 3482 3856 4645 1322 1194 4728 2705 4262 3373 3586 1185 1680 611 2909 3875 1526 4000 3417 3811 1830 1780 4468 1021 1132 4106 352 
Max bw is: 4989
######################

kruskal time taken is: 2.34862
Source: 4941 Target: 352
######################
4941 3195 4088 3675 3416 3728 3762 1329 3659 1305 3274 2555 2791 4114 1093 2005 608 4222 3081 3118 536 2054 3662 1021 1132 4537 4850 4210 4766 3658 2638 2162 182 2606 3909 3041 1780 3645 4140 2295 76 3760 1986 3991 1500 1210 476 639 1224 343 1366 2483 796 709 4931 2237 2809 2799 2646 931 4190 669 4581 963 1526 3875 2909 611 1680 4264 4494 947 971 1330 1316 581 3390 2728 4167 1533 2236 1333 1628 2169 1581 1580 3822 4421 2155 2379 206 1376 1744 3952 3924 647 563 3355 2313 4106 352 
Max bw is: 4989
######################

4th iteration of source & target

Dijkstra without heap time taken is: 0.777917
Source: 4379 Target: 4405
######################
4379 987 1368 1086 1278 246 1182 700 931 1519 1206 1135 1142 385 1652 1685 1785 941 1004 966 1840 627 494 1171 1610 979 721 1535 4405 
Max bw is: 4987
######################

Dijkstra with heap time taken is: 0.356578
Source: 4379 Target: 4405
######################
4379 987 1368 1086 3759 2492 545 4755 652 2414 1282 1458 2112 111 1626 4254 4334 4586 2423 203 1506 1593 2392 782 1310 285 977 2691 2573 420 3996 1695 3825 3223 4471 2966 2967 2574 1281 3345 1502 1770 2294 4822 3563 4063 1262 1745 409 4631 924 1459 1460 334 1944 3114 1935 2976 3565 1563 3010 2989 1978 2341 1071 1011 2601 2807 4017 2503 1902 25 2991 2461 1930 449 818 4983 2094 376 3240 2383 3221 1 1841 855 2007 4290 1656 1321 1814 4211 281 3585 2866 1301 2711 805 2415 1739 4548 920 2186 2041 4053 1653 1481 267 3186 676 1203 3097 4787 1298 4612 4079 3787 4155 3014 997 3394 2180 3549 361 3817 349 80 2003 779 3525 428 3092 3667 4453 1838 398 4256 4255 3860 2328 1050 2588 2233 2673 2100 895 391 3586 3373 4262 3848 1277 2793 3785 3961 1507 2204 1473 179 4087 4726 2962 4190 669 2841 1510 1727 2404 2658 4877 939 3420 2615 2295 4140 3645 3813 3930 4878 4339 1926 3539 1074 3504 4257 2961 958 4188 2523 1065 1535 4405 
Max bw is: 4987
######################

kruskal time taken is: 2.32649
Source: 4379 Target: 4405
######################
4379 987 1368 1086 1366 343 1224 639 476 1210 1500 3991 1986 3760 76 2295 4140 3645 1780 3041 3909 2606 182 2162 2638 3658 4766 4210 4850 4537 1132 1021 3662 2054 536 3118 3081 2997 3094 2234 2071 333 4003 4510 232 3592 3913 296 4188 2523 1065 1535 4405 
Max bw is: 4987
######################

5th iteration of source & target

Dijkstra without heap time taken is: 0.461253
Source: 945 Target: 4290
######################
945 2502 387 12 1337 2316 436 3748 3599 1965 3840 869 333 57 3171 2142 1847 542 2605 1234 1744 2379 835 3059 301 1316 1330 971 458 1160 2468 3340 1674 2732 3284 152 1685 1785 941 1004 966 1258 3236 539 814 119 4290 
Max bw is: 4992
######################

Dijkstra with heap time taken is: 0.320091
Source: 945 Target: 4290
######################
945 2502 4586 2423 203 2737 4094 1514 1622 4769 1556 2896 3546 3669 2964 3770 626 1803 2664 1006 1372 1862 3894 863 2324 770 707 3750 3283 3178 3478 3257 3022 4952 4838 1013 184 4104 3407 4495 1087 4979 1309 3765 2722 1079 741 3957 3183 1671 3463 4993 3769 1182 246 1563 2144 2167 72 2388 674 1750 3314 1201 1892 3278 633 2542 313 2951 1573 1613 3677 2690 3399 2727 2209 1460 334 1944 979 4090 1816 1263 4175 3523 2113 1794 1398 1160 2468 3340 1674 4713 4114 1093 2218 4976 3158 236 1421 1389 2312 4193 1166 1633 2648 4423 3890 3567 959 3457 2628 2539 1964 3788 758 1934 3728 3762 1329 1221 4673 412 2080 4691 1764 1854 1831 4128 2547 299 947 971 1139 3800 255 1961 142 3342 1596 2128 3810 603 4678 3888 4531 2029 4773 4064 854 3372 4055 759 1681 2100 4935 2748 1283 1660 4524 341 1905 3526 2007 855 1841 1 3221 2383 3573 4610 4070 1430 274 1305 3274 2555 1150 3594 1992 982 1625 4774 1483 4687 2306 3509 1415 1620 4843 4036 2817 119 4290 
Max bw is: 4992
######################

kruskal time taken is: 2.40863
Source: 945 Target: 4290
######################
945 2502 387 1831 1854 1764 4691 2080 412 4673 1221 1329 3659 1305 3274 2555 2791 4114 1093 2005 608 4222 3081 3118 536 2054 3662 1021 1132 4537 4850 4210 4766 3658 2638 2162 182 2606 3909 3041 1780 3645 4140 2295 76 3760 1986 3991 1500 1210 476 639 1224 343 1366 2483 796 709 4931 2237 2809 2799 2646 931 4190 669 4581 963 1526 3875 1821 3077 4256 1538 744 4486 740 2902 2495 4290 
Max bw is: 4992
######################

********* 1th iteration of graphs******
For sparse graph:
1th iteration of source & target

Dijkstra without heap time taken is: 0.04097
Source: 2637 Target: 2128
######################
2637 3699 3698 694 693 19 18 415 416 609 890 984 983 686 685 684 877 878 879 589 588 894 251 862 861 503 504 197 198 211 212 213 214 215 318 317 316 449 450 451 915 753 752 751 750 749 1328 1371 146 145 144 932 933 1229 1230 1231 1829 1828 1827 1806 1807 994 79 1666 1667 2003 420 421 2863 2854 2853 2099 2098 2067 2128 
Max bw is: 2613
######################

Dijkstra with heap time taken is: 0.0075
Source: 2637 Target: 2128
######################
2637 3699 3698 778 779 780 1139 1138 3791 3790 3789 4939 4940 4941 4942 1983 2913 297 296 295 917 916 585 584 583 359 3678 3679 2663 2664 4922 4921 4929 4928 3512 3513 3514 1136 1266 1265 1245 1244 1243 1242 556 4932 4933 519 1908 3565 830 829 828 827 826 825 951 952 953 3234 3233 3290 3289 3288 3287 3286 3285 2143 2142 4201 4200 4250 4251 4252 4253 1434 1074 1075 3694 3695 4560 4559 1600 1601 1602 1603 1112 1111 1871 1870 1869 1868 4226 4227 4228 2114 2113 2112 2111 2110 2109 4899 4898 2849 2848 2847 1565 1566 1584 1585 3959 2127 2128 
Max bw is: 2613
######################

kruskal time taken is: 0.01012
Source: 2637 Target: 2128
######################
2637 3699 3698 658 657 2023 2024 4586 4043 1409 4570 4729 3461 3550 1961 3219 3199 4936 4407 1181 1180 2801 2802 1104 4056 2650 2851 1778 3867 2067 2128 
Max bw is: 2613
######################

2th iteration of source & target

Dijkstra without heap time taken is: 0.058599
Source: 2400 Target: 2035
######################
2400 3797 3796 3795 2719 2073 3838 4268 4267 2256 1522 358 739 1453 2860 2035 
Max bw is: 3580
######################

Dijkstra with heap time taken is: 0.008227
Source: 2400 Target: 2035
######################
2400 3797 3796 3795 2719 2073 3838 4268 4267 2256 1522 358 739 1453 2860 2035 
Max bw is: 3580
######################

kruskal time taken is: 0.011467
Source: 2400 Target: 2035
######################
2400 3797 3796 3795 2719 2073 3838 4268 4267 2256 1522 358 739 1453 2860 2035 
Max bw is: 3580
######################

3th iteration of source & target

Dijkstra without heap time taken is: 0.050704
Source: 4965 Target: 4423
######################
4965 1466 1467 1468 3817 2776 165 2018 2019 3597 1413 71 2689 1891 793 792 1728 1729 836 2828 1886 1887 2062 2063 1677 1678 629 1553 878 2301 2275 2276 1203 1104 2802 2803 2112 2111 2584 2585 2586 2717 2718 2789 617 618 2308 1633 1634 333 1872 1871 1870 78 1888 217 216 1533 1999 1483 1482 1383 1532 2037 2691 2601 693 2173 2174 2327 739 358 1522 2256 2257 1374 4423 
Max bw is: 3484
######################

Dijkstra with heap time taken is: 0.002824
Source: 4965 Target: 4423
######################
4965 1466 1467 1468 3817 2776 165 2018 2019 3597 1413 1414 1415 908 907 178 24 25 3053 3054 3055 3056 3283 1019 1020 1021 1022 4233 2944 3688 3687 1461 4468 480 481 1271 1270 3652 2675 841 840 3643 3642 3641 2844 4563 4708 4941 4942 1710 1565 1566 1584 3877 930 3271 3270 280 3543 3666 4457 4456 2348 4409 606 607 1209 1208 93 3295 3296 4996 4997 4998 2061 3004 3005 670 671 360 771 3492 3491 3490 4266 2318 2319 6 1617 1618 112 4704 4703 4702 4701 2378 396 4594 1833 1832 4157 4164 1453 739 358 1522 75 925 926 4794 2045 2044 4361 4362 4363 4364 171 170 169 2092 2091 3377 1607 3532 1686 4734 4273 2460 2461 2037 1532 1793 1794 2034 4171 522 216 1533 1999 1483 1482 2692 2693 1228 4642 4643 4201 2142 3041 270 271 1527 1528 1529 1097 2470 2469 3070 728 4325 2105 2106 2585 4481 4480 1929 3466 3467 4661 2943 240 241 1554 1555 1556 884 1106 1107 517 2571 3060 4640 4013 3843 563 720 721 94 95 2167 1696 1697 67 2546 2249 2248 2743 2459 1040 1116 839 2983 4424 4423 
Max bw is: 3484
######################

kruskal time taken is: 0.010504
Source: 4965 Target: 4423
######################
4965 1466 1467 1468 3817 2776 165 2018 3856 2285 720 563 3843 4013 4640 3060 2571 2570 2569 442 2002 3838 836 2828 4661 2943 2942 2774 2773 1053 1054 1149 2472 2473 4726 3239 2983 4424 4423 
Max bw is: 3484
######################

4th iteration of source & target

Dijkstra without heap time taken is: 0.020194
Source: 1243 Target: 3146
######################
1243 2471 2470 2469 3070 3881 1169 4790 430 429 2575 2574 4185 2080 566 565 1976 1722 1043 1044 946 3550 3461 4729 4570 1409 4043 4586 2024 2023 4448 2686 1019 1020 1021 1022 4233 2944 3688 3689 2301 2275 4456 2348 4409 606 607 1209 3282 971 2194 293 4489 3100 4944 806 3489 529 3146 
Max bw is: 4030
######################

Dijkstra with heap time taken is: 0.001549
Source: 1243 Target: 3146
######################
1243 2471 2470 2469 3070 3881 1169 4790 430 429 2575 2574 4185 2080 566 565 1976 1722 1043 1044 946 3550 3551 4956 162 163 1798 4233 2944 3688 3689 2301 2275 4456 2348 4409 606 607 1209 3282 971 2194 293 4489 3100 4944 806 3489 529 3146 
Max bw is: 4030
######################

kruskal time taken is: 0.009393
Source: 1243 Target: 3146
######################
1243 2471 2470 2469 3070 3881 1169 4790 430 429 2575 2574 4185 2080 566 565 1976 1722 1043 1044 946 3550 3551 4956 162 163 1798 4233 1022 1021 1020 2762 1966 3430 2547 4479 3831 3832 3989 3492 4449 4448 2140 2139 4843 2021 938 937 2482 2827 2826 572 571 570 3100 4944 806 3489 529 3146 
Max bw is: 4030
######################

5th iteration of source & target

Dijkstra without heap time taken is: 0.021987
Source: 4589 Target: 4741
######################
4589 4387 3215 440 3113 293 4489 3100 570 571 572 2826 2827 2482 937 938 2021 4843 2139 2140 4448 2686 1019 1020 1021 1022 4233 1798 163 162 4956 3551 3550 946 1044 1043 2977 2978 3427 2784 3213 223 224 2287 2286 2094 2095 234 1572 3077 3292 4798 4799 1471 4005 4004 2511 1078 1079 2633 4740 4741 
Max bw is: 3998
######################

Dijkstra with heap time taken is: 0.002661
Source: 4589 Target: 4741
######################
4589 4387 3215 440 3113 293 4489 3100 570 571 572 2826 2827 2482 937 938 2021 4843 2139 2140 4448 4449 3492 3989 3832 3831 4479 2547 3430 1966 2762 1020 1021 1022 4233 1798 163 162 4956 3551 3550 946 1044 1043 2977 2978 3427 2784 3213 223 224 2287 2286 2094 2095 234 1572 3077 3292 4798 4799 1471 4005 4004 2511 1078 1079 2633 4740 4741 
Max bw is: 3998
######################

kruskal time taken is: 0.009945
Source: 4589 Target: 4741
######################
4589 4387 3215 440 3113 293 4489 3100 570 571 572 2826 2827 2482 937 938 2021 4843 2139 2140 4448 4449 3492 3989 3832 3831 4479 2547 3430 1966 2762 1020 1021 1022 4233 1798 163 162 4956 3551 3550 946 1044 1043 2977 2978 3427 2784 3213 223 224 2287 2286 2094 2095 234 1572 3077 3292 4798 4799 1471 4005 4004 2511 1078 1079 2633 4740 4741 
Max bw is: 3998
######################

For dense graph:
1th iteration of source & target

Dijkstra without heap time taken is: 0.584391
Source: 2637 Target: 2128
######################
2637 2219 1470 1993 115 192 2949 154 1905 2758 1230 2103 6 1067 1989 1016 1395 2449 2242 1821 536 402 932 178 1494 197 711 627 1573 222 570 300 1562 1780 1512 1451 224 161 511 2195 1489 75 672 1899 153 445 513 240 182 279 998 2055 1663 3866 2128 
Max bw is: 4988
######################

Dijkstra with heap time taken is: 0.6896
Source: 2637 Target: 2128
######################
2637 2219 3352 3569 641 3624 3372 2546 2559 4742 3014 3864 4322 227 4073 3160 406 339 3448 4613 436 2357 2404 3914 717 3510 873 1420 791 3104 2336 2858 4957 1505 1782 4175 3124 2628 3858 2414 4568 1573 222 570 300 3489 4616 1884 2424 3925 1401 3406 4462 4142 1501 1702 4861 4173 3020 618 3398 1459 3399 3808 1053 3026 1400 451 273 4495 1799 22 113 3418 3359 1812 3977 4934 1836 1211 3950 4532 3979 3695 4893 1676 2899 216 2866 1058 3995 589 3991 1127 3286 4324 1152 3113 4574 903 1621 3829 3555 4920 663 3003 3802 3017 2030 1989 990 3507 3844 606 2456 4989 2795 1808 1424 3289 278 2077 4919 372 1137 4754 723 3417 3697 4516 2974 4184 4711 3777 3337 1048 3383 4529 1445 3351 4014 1591 2645 2050 4761 3565 1242 224 161 4430 891 4552 4070 2678 2907 1233 1151 4038 3559 786 4786 1337 246 3866 2128 
Max bw is: 4988
######################

kruskal time taken is: 5.51852
Source: 2637 Target: 2128
######################
2637 2219 1600 3485 2277 3530 2337 4975 4534 3866 1663 971 4966 2328 2659 2567 2140 4074 3763 2030 1989 1067 4634 4041 2540 2198 4446 17 241 1428 2870 1301 89 4212 627 4782 66 4050 2024 732 734 1388 3797 3043 2408 2436 1418 979 603 4475 3985 936 4549 3411 2128 
Max bw is: 4988
######################

2th iteration of source & target

Dijkstra without heap time taken is: 0.103448
Source: 2400 Target: 2035
######################
2400 3660 559 2414 3858 822 1652 3373 3298 2842 4660 1264 3060 1945 1362 2879 4703 4655 1696 2836 2833 2447 3070 2035 
Max bw is: 4994
######################

Dijkstra with heap time taken is: 0.109147
Source: 2400 Target: 2035
######################
2400 3660 559 2414 3858 822 1652 3373 3298 2842 4660 1264 3060 1945 3919 532 75 672 1899 790 2212 683 3509 4832 2315 3968 144 4478 2169 3340 4576 3593 3220 565 1976 2447 3070 2035 
Max bw is: 4994
######################

kruskal time taken is: 2.39108
Source: 2400 Target: 2035
######################
2400 3660 559 2414 3858 822 1652 3373 3298 2842 4660 1264 3060 1945 3919 532 75 672 1899 790 2212 683 3509 4832 2315 3968 144 4478 2169 3340 4576 3593 3220 565 1976 2447 3070 2035 
Max bw is: 4994
######################

3th iteration of source & target

Dijkstra without heap time taken is: 0.888227
Source: 4965 Target: 4423
######################
4965 2735 1751 563 3953 880 3993 1845 1124 868 4208 1451 224 2497 972 2396 1153 3087 898 1475 1294 3072 3296 856 443 915 648 1646 536 402 932 308 715 985 3040 784 3304 4334 4423 
Max bw is: 4988
######################

Dijkstra with heap time taken is: 0.80852
Source: 4965 Target: 4423
######################
4965 2735 1751 563 3953 880 3993 1845 1124 868 4208 1451 2706 878 3795 1843 3329 1648 2321 1356 3325 571 18 3990 552 2911 765 3960 3418 3359 1812 1990 14 2959 4478 2169 3340 4576 4911 2256 276 2254 1936 1449 1294 1475 898 4093 3991 589 3995 1058 3210 2378 3452 2780 2748 4309 4675 2590 1958 4254 4374 815 1672 1621 3829 3264 943 2468 2957 3397 644 1852 855 4402 4794 1915 3266 2382 2059 3841 115 4518 684 106 4384 445 153 3665 4058 2181 3187 3674 4043 4457 2870 1428 2966 4609 2624 1564 4445 2329 2458 2869 2408 3043 1446 3780 2155 2189 4790 3068 1220 2914 1749 2238 2276 2719 3433 1753 1304 4733 773 182 4752 3099 2127 4625 2970 639 1338 1442 4258 3196 4280 2243 864 2317 477 4627 668 4285 3051 399 3304 4334 4423 
Max bw is: 4988
######################

kruskal time taken is: 2.33094
Source: 4965 Target: 4423
######################
4965 2735 1751 563 527 4723 1876 1627 2146 2388 4614 276 2256 4911 4576 3340 2169 4478 144 3968 2315 4832 3509 683 2212 790 1899 672 75 532 4577 3067 318 3830 3200 1690 1629 3947 4850 4931 3151 1717 4366 1673 4658 944 4524 886 4227 399 3304 4334 4423 
Max bw is: 4988
######################

4th iteration of source & target

Dijkstra without heap time taken is: 0.099075
Source: 1243 Target: 3146
######################
1243 4328 3990 18 750 4773 4076 1111 851 794 4989 2456 1363 4667 2978 4168 3949 4390 4067 1522 1646 536 402 932 308 872 1790 3802 3017 933 1285 3366 1923 598 1399 2980 804 1756 1326 2537 2800 89 1067 1989 2030 3763 2138 3146 
Max bw is: 4993
######################

Dijkstra with heap time taken is: 0.434281
Source: 1243 Target: 3146
######################
1243 4328 3990 18 750 4773 4076 1111 851 794 4989 2456 1363 4667 2978 4075 500 4743 4548 120 2380 4699 2894 1228 4247 1117 1292 4948 4368 2952 1748 2031 1528 1493 2587 4229 1679 1438 1789 2247 49 2028 2088 3211 3278 1923 598 1747 3632 2246 494 2685 4055 4213 4207 1737 2756 1555 999 415 745 2411 3951 4465 152 3495 1218 64 1865 3065 2607 2272 3872 4577 3067 318 3830 3200 1690 2258 2327 2636 2535 4696 1875 3356 1413 551 3298 2842 4660 1264 3060 1945 1362 3077 4533 351 2722 1717 3151 4931 4079 1907 3087 4322 227 1720 2406 1403 1400 451 1409 2138 3146 
Max bw is: 4993
######################

kruskal time taken is: 2.31164
Source: 1243 Target: 3146
######################
1243 4328 3990 18 750 4773 4076 1111 851 794 4989 2456 606 3844 3507 2606 4688 4972 3559 786 1306 4431 3146 
Max bw is: 4993
######################

5th iteration of source & target

Dijkstra without heap time taken is: 0.056964
Source: 4589 Target: 4741
######################
4589 1885 1810 4932 2667 909 1690 3200 3830 318 3067 4577 532 75 672 1899 790 2212 683 3509 4832 2315 3968 144 4478 2169 3340 4576 4741 
Max bw is: 4995
######################

Dijkstra with heap time taken is: 0.020161
Source: 4589 Target: 4741
######################
4589 1885 1810 4932 2667 2158 4768 3002 751 3067 4577 532 75 672 1899 790 2212 683 3509 4832 2315 3968 144 4478 2169 3340 4576 4741 
Max bw is: 4995
######################

kruskal time taken is: 2.34752
Source: 4589 Target: 4741
######################
4589 1885 1810 4932 2667 2158 4768 3002 751 3067 4577 532 75 672 1899 790 2212 683 3509 4832 2315 3968 144 4478 2169 3340 4576 4741 
Max bw is: 4995
######################

********* 2th iteration of graphs******
For sparse graph:
1th iteration of source & target

Dijkstra without heap time taken is: 0.018759
Source: 4520 Target: 2332
######################
4520 2315 2314 4180 2826 285 2039 3822 4698 4697 4696 938 3062 3063 2047 429 2332 
Max bw is: 4068
######################

Dijkstra with heap time taken is: 0.001912
Source: 4520 Target: 2332
######################
4520 2315 2314 4180 2826 285 2039 3822 4698 4697 4696 938 3062 3063 2047 429 2332 
Max bw is: 4068
######################

kruskal time taken is: 0.009557
Source: 4520 Target: 2332
######################
4520 2315 2314 4180 2826 285 2039 3822 4698 4697 4696 938 3062 3063 2047 429 2332 
Max bw is: 4068
######################

2th iteration of source & target

Dijkstra without heap time taken is: 0.075777
Source: 4388 Target: 4599
######################
4388 4387 4386 103 3717 3718 1508 3928 2047 2493 2494 1528 1450 4598 4599 
Max bw is: 2678
######################

Dijkstra with heap time taken is: 0.006332
Source: 4388 Target: 4599
######################
4388 4387 4386 103 3717 3718 1508 3928 2047 2493 2494 1528 1450 4598 4599 
Max bw is: 2678
######################

kruskal time taken is: 0.009718
Source: 4388 Target: 4599
######################
4388 4387 4386 103 3717 3718 1508 3928 2047 2493 2494 1528 1450 4598 4599 
Max bw is: 2678
######################

3th iteration of source & target

Dijkstra without heap time taken is: 0.064121
Source: 804 Target: 3287
######################
804 1611 1612 1689 570 2615 483 2659 2834 2835 96 95 3215 3214 3223 4496 2282 2057 4368 4367 4383 3287 
Max bw is: 3352
######################

Dijkstra with heap time taken is: 0.005853
Source: 804 Target: 3287
######################
804 1611 1612 1689 570 1738 3264 2428 2427 3591 3592 4629 4630 3504 1909 4955 4956 1606 1751 1669 168 2105 2104 1463 1464 1465 433 954 955 1832 1833 1552 1551 3352 2913 1041 1040 223 222 1835 3016 849 4590 4589 4588 3274 4178 4498 3878 3879 3168 3169 1026 1027 201 1554 1553 4166 3882 3883 3884 4573 297 296 295 294 293 292 800 1169 1170 2133 2132 1323 1324 4014 4013 4701 4700 4699 2004 2005 554 115 114 113 112 3248 1072 4364 4365 4366 995 994 993 4845 3340 3494 3493 3492 2566 2262 4319 4318 483 2659 2834 2835 900 4356 706 3473 323 154 3912 963 866 784 1341 2505 3457 3099 3100 1622 1621 4568 496 495 494 4348 4496 2282 2057 4368 4367 4383 3287 
Max bw is: 3352
######################

kruskal time taken is: 0.009781
Source: 804 Target: 3287
######################
804 1611 1612 1689 570 1738 4631 3378 3154 3153 3152 4058 4059 4082 403 404 3522 3521 3073 495 494 4348 4496 2282 2057 4368 4367 4383 3287 
Max bw is: 3352
######################

4th iteration of source & target

Dijkstra without heap time taken is: 0.076467
Source: 2788 Target: 2093
######################
2788 2789 2790 2791 3363 3362 1035 1036 2308 24 2627 594 752 753 1955 1956 1957 1605 1085 1086 712 536 849 3016 4375 2093 
Max bw is: 3085
######################

Dijkstra with heap time taken is: 0.006266
Source: 2788 Target: 2093
######################
2788 2789 2790 2791 3363 3831 4651 618 619 316 4358 124 1277 503 974 973 3605 4341 3535 3534 1966 4188 3184 3185 3186 3554 3555 4320 4770 420 421 348 2652 48 47 46 891 892 893 3207 673 1322 4460 391 1061 1060 1059 2066 1112 2837 2838 2839 1232 3783 2671 2672 898 2493 2492 1981 1982 4148 4149 4375 2093 
Max bw is: 3085
######################

kruskal time taken is: 0.00974
Source: 2788 Target: 2093
######################
2788 2789 2790 4265 2205 2206 653 654 2999 457 1201 3246 3244 3243 4453 4811 2034 2033 2032 4686 4687 4688 4689 4690 4691 2146 3989 4224 4183 3784 2538 2539 2540 694 3785 4770 570 2381 424 4386 103 3717 3718 1508 3928 2047 3063 3062 938 4696 4697 4698 3822 2039 285 2826 4180 2314 1982 4148 4149 4375 2093 
Max bw is: 3085
######################

5th iteration of source & target

Dijkstra without heap time taken is: 0.070446
Source: 4078 Target: 946
######################
4078 1780 3099 854 2999 457 1201 3246 3244 3243 4453 4811 2034 2033 2032 4686 4687 4688 4689 4690 4691 2146 3989 4224 4183 3784 2538 2539 2540 2541 1733 3798 2440 3832 3724 2269 2270 1873 2476 2908 2286 3323 4804 4159 4160 3684 947 946 
Max bw is: 3243
######################

Dijkstra with heap time taken is: 0.006096
Source: 4078 Target: 946
######################
4078 1780 3099 854 2999 457 1201 3246 3244 3243 4453 4811 2034 2033 2032 4686 4687 4688 4689 4690 4691 2146 3989 4224 4183 3784 2538 2539 2540 2541 1733 3798 2440 3832 3724 2269 2270 1873 2476 2908 2286 3323 4804 4159 4160 3684 947 946 
Max bw is: 3243
######################

kruskal time taken is: 0.009685
Source: 4078 Target: 946
######################
4078 1780 3099 854 2999 457 1201 3246 3244 3243 4453 4811 2034 2033 2032 4686 4687 4688 4689 4690 4691 2146 3989 4224 4183 3784 2538 2539 2540 2541 1733 3798 2440 3832 3724 2269 2270 1873 2476 2908 2286 3323 4804 4159 4160 3684 947 946 
Max bw is: 3243
######################

For dense graph:
1th iteration of source & target

Dijkstra without heap time taken is: 0.458187
Source: 2367 Target: 1577
######################
2367 1558 3792 4731 1827 3494 3444 3750 2652 848 3860 3945 2869 3323 2167 2622 2895 384 3345 638 4023 3334 1277 1390 4446 1577 
Max bw is: 4993
######################

Dijkstra with heap time taken is: 0.330316
Source: 2367 Target: 1577
######################
2367 1558 3792 820 2104 3211 1556 685 3203 336 3388 2528 610 23 2911 4516 3161 4582 1593 620 1156 3614 1855 713 4126 3706 3515 624 4585 3334 1277 1390 4446 1577 
Max bw is: 4993
######################

kruskal time taken is: 5.47267
Source: 2367 Target: 1577
######################
2367 1558 3792 820 2104 3211 3689 2469 3954 2955 2566 2671 4895 2606 1780 4088 1272 1880 4886 1575 4107 3201 608 4557 4023 3334 1277 1390 4446 1577 
Max bw is: 4993
######################

2th iteration of source & target

Dijkstra without heap time taken is: 0.191809
Source: 3607 Target: 70
######################
3607 2851 1351 4636 1099 1956 2354 2413 4138 1586 2145 4965 3950 2308 3593 3186 353 3041 1827 3494 3444 3750 2652 848 3860 3945 2869 3323 2167 2622 2895 384 3345 638 4023 208 2894 3015 3509 2774 2527 3477 411 1739 3612 1296 206 3333 99 2039 2417 1431 3091 1345 683 307 4417 3268 3555 4586 654 436 70 
Max bw is: 4994
######################

Dijkstra with heap time taken is: 0.090447
Source: 3607 Target: 70
######################
3607 2851 1351 4636 1099 1956 2354 2413 4138 1586 2145 4965 3950 2308 3593 3186 353 3041 1827 3494 3444 3476 1418 1424 3396 4348 2614 2231 1012 759 563 677 717 3397 4085 2490 3196 1059 4308 4505 3074 2182 1852 584 4637 4848 3621 1527 1596 675 314 218 4380 1112 2166 3477 411 1739 3612 1296 206 3333 99 2039 2417 1431 3091 1345 683 307 4417 3268 3555 4586 654 436 70 
Max bw is: 4994
######################

kruskal time taken is: 2.32977
Source: 3607 Target: 70
######################
3607 2851 1351 4636 1099 1956 2354 2413 4138 1586 2145 4965 3950 2308 1264 1771 391 2296 1593 4582 3161 4516 2911 23 610 2528 3388 336 2424 2976 4417 3268 3555 4586 654 436 70 
Max bw is: 4994
######################

3th iteration of source & target

Dijkstra without heap time taken is: 0.458671
Source: 2199 Target: 3933
######################
2199 1524 3376 1849 552 112 1311 1919 384 1206 1076 1830 665 717 677 563 759 2962 932 852 1763 2337 1804 466 2107 2606 1780 149 1711 2779 2270 1050 2553 27 536 2205 1727 1976 1984 580 2933 839 2800 2174 2080 4010 1822 3933 
Max bw is: 4991
######################

Dijkstra with heap time taken is: 0.630752
Source: 2199 Target: 3933
######################
2199 1524 3376 1849 986 2328 3890 635 177 3655 331 3833 448 4973 4286 2991 2506 4085 2490 3196 1059 4308 1888 1771 391 2296 1593 620 1283 2488 1507 3554 2177 25 2937 4347 1363 4511 2014 4933 2840 997 3400 1491 1027 1203 4993 4010 1822 3933 
Max bw is: 4991
######################

kruskal time taken is: 2.32818
Source: 2199 Target: 3933
######################
2199 1524 3376 1849 986 2328 3555 3268 4417 2976 2424 336 3388 3464 593 4712 1418 3476 3444 3494 1827 4731 3792 820 2104 3923 3624 1964 4742 544 2365 79 2840 997 3400 1491 1027 1203 4993 4010 1822 3933 
Max bw is: 4991
######################

4th iteration of source & target

Dijkstra without heap time taken is: 0.457804
Source: 2002 Target: 4276
######################
2002 611 2935 1071 1345 3091 1431 2417 2039 99 3333 206 1296 3612 1739 411 3477 2287 3845 853 724 3173 223 2861 2230 227 4312 2835 4273 2557 3230 74 1589 2475 1856 4276 
Max bw is: 4993
######################

Dijkstra with heap time taken is: 0.464474
Source: 2002 Target: 4276
######################
2002 611 2935 1071 1345 3091 1431 2417 2039 99 2532 3634 2997 2082 1429 4318 1542 3355 3924 3354 2169 2552 2202 1642 4892 2928 1861 3982 3931 1630 2331 736 4209 4746 507 1960 3971 456 1023 3581 3866 892 2372 992 4897 2528 610 23 2911 4516 3161 4582 1593 620 1156 3614 1855 713 4126 3706 3515 216 1334 593 4712 1418 1424 3396 4348 2614 2231 1012 759 563 677 717 3397 4085 2490 3196 1059 4308 4505 3074 2182 1852 584 4637 4848 3621 1527 1596 675 314 218 4380 1112 2166 3477 2287 3845 853 724 3173 223 2861 2230 227 4312 2835 4273 2557 3230 74 1589 2475 1856 4276 
Max bw is: 4993
######################

kruskal time taken is: 2.31642
Source: 2002 Target: 4276
######################
2002 611 2935 1071 1345 3091 1431 2417 2039 99 3333 206 1296 3612 1739 411 3477 2287 3845 853 724 3173 223 2861 2230 227 4312 2835 4273 2557 3230 74 1589 2475 1856 4276 
Max bw is: 4993
######################

5th iteration of source & target

Dijkstra without heap time taken is: 0.865455
Source: 1048 Target: 769
######################
1048 33 2729 3372 2628 1409 843 1679 2202 2552 1040 2524 2735 2739 2650 1086 1306 615 859 1961 1448 342 1527 1103 2929 787 2558 2071 506 1950 1595 2232 684 2660 2559 826 1815 4499 2688 1903 769 
Max bw is: 4988
######################

Dijkstra with heap time taken is: 0.803046
Source: 1048 Target: 769
######################
1048 33 2729 2286 1035 1563 2455 4394 4134 936 3419 940 120 1398 2640 2273 1400 3657 3074 1962 1062 4645 1934 43 2480 251 1170 1963 4515 3551 1470 1192 3154 4204 27 536 2205 1727 4964 2469 3689 2537 2976 4417 1714 2594 1628 1159 1761 3482 320 4667 2176 1547 3676 1343 1124 2981 2177 4454 3859 1105 3834 247 3256 2514 493 3465 4248 3910 1891 237 1813 266 4952 2347 1543 1309 1935 450 1422 3813 724 1552 1663 883 197 3998 1419 2285 2383 2765 1565 4287 1904 4925 1927 3125 1289 4320 328 977 1517 1245 3562 3403 3412 4585 624 3515 216 1334 593 3464 3388 336 3498 4180 986 1849 552 2801 2715 378 1704 1135 2935 1071 1345 3091 134 946 2313 1671 1815 4499 2688 1903 769 
Max bw is: 4988
######################

kruskal time taken is: 2.36251
Source: 1048 Target: 769
######################
1048 33 2729 3372 920 3253 798 4441 58 3662 4448 2053 4557 608 3201 4107 1575 4886 1880 1272 4088 1780 2606 4895 2671 2566 2955 3954 2469 3689 3927 1319 4817 1671 1815 4499 2688 1903 769 
Max bw is: 4988
######################

********* 3th iteration of graphs******
For sparse graph:
1th iteration of source & target

Dijkstra without heap time taken is: 0.0614
Source: 3183 Target: 2193
######################
3183 3184 881 4308 4307 3291 631 632 354 1542 2215 48 3997 146 3523 2763 2764 2765 1567 1435 2676 2675 2674 1298 2611 3745 3034 51 3177 187 4184 2526 2527 1001 128 171 4132 1390 1389 1846 3753 1693 2194 2193 
Max bw is: 3566
######################

Dijkstra with heap time taken is: 0.005576
Source: 3183 Target: 2193
######################
3183 3184 881 4308 4307 3291 631 632 354 1542 2215 48 3997 146 3523 2763 2764 2765 1567 1435 2676 2675 2674 1298 2611 3745 3034 51 3177 187 4184 2526 2527 1001 128 171 3627 3626 4166 4977 2548 1735 1734 2103 2104 4309 3170 4160 4161 4771 3890 4109 2289 2704 1143 3462 3228 275 3842 520 107 4001 4002 4003 4225 3246 3245 2524 1218 282 3018 4200 4201 1573 1572 1571 1570 1389 1846 3753 1693 2194 2193 
Max bw is: 3566
######################

kruskal time taken is: 0.010115
Source: 3183 Target: 2193
######################
3183 3184 881 4308 4307 3291 631 632 354 1542 2215 48 3997 146 3523 2763 2764 2765 1567 1435 2676 2675 2674 1298 2611 3745 3034 51 3177 187 4184 2526 2527 1001 128 171 4132 1390 1389 1846 3753 1693 2194 2193 
Max bw is: 3566
######################

2th iteration of source & target

Dijkstra without heap time taken is: 0.000531
Source: 3866 Target: 1328
######################
3866 653 1731 1730 2615 4904 4223 1328 
Max bw is: 4363
######################

Dijkstra with heap time taken is: 0.000116
Source: 3866 Target: 1328
######################
3866 653 1731 1730 2615 4904 4223 1328 
Max bw is: 4363
######################

kruskal time taken is: 0.009708
Source: 3866 Target: 1328
######################
3866 653 1731 1730 2615 4904 4223 1328 
Max bw is: 4363
######################

3th iteration of source & target

Dijkstra without heap time taken is: 0.078609
Source: 1748 Target: 2571
######################
1748 3861 3862 4078 4360 3006 3007 2363 2189 2465 1465 1160 1159 1158 650 3335 3334 941 3404 4 3 2 1590 224 225 3272 1547 1150 1362 1909 3956 2886 2885 2884 167 901 215 216 2704 2289 4109 1209 2505 1390 1389 1570 2802 2801 1619 1620 4252 2421 902 2570 2571 
Max bw is: 2079
######################

Dijkstra with heap time taken is: 0.00799
Source: 1748 Target: 2571
######################
1748 3861 3862 4078 4360 3006 3007 2363 2189 2465 2103 2104 4309 3170 4160 4161 4771 4770 3992 4310 4311 1008 1007 2733 2879 4166 3626 3627 171 128 1001 2527 2526 4184 187 3177 51 3034 3035 3036 718 4570 3221 3222 677 2034 1588 1716 442 443 26 3546 3547 719 720 2756 1314 3108 1877 3892 3893 2468 2467 1245 1244 2759 4305 1349 2738 2739 4706 4705 2658 3360 1566 1565 1564 3327 3328 3329 1211 1210 831 4164 1170 1169 3319 1407 1406 1254 4008 4007 4006 3632 3685 2284 1756 255 167 2884 4840 2741 4757 3188 3442 2609 4689 4688 2973 466 2160 2167 2166 1842 1843 3408 3409 3837 2683 1926 1620 4252 2421 902 2570 2571 
Max bw is: 2079
######################

kruskal time taken is: 0.009464
Source: 1748 Target: 2571
######################
1748 3861 3862 4078 4360 3006 3007 1778 1970 2594 2593 4634 4635 4636 826 825 82 3849 1746 2202 2610 2244 2926 2927 1018 1017 1016 3415 410 411 4282 4281 559 1347 4446 4597 1342 1741 1941 2470 2469 3601 4627 1730 2615 4904 4223 1328 1327 817 3108 1314 2756 720 719 3547 3546 26 443 442 1716 4936 1926 1620 4252 2421 902 2570 2571 
Max bw is: 2079
######################

4th iteration of source & target

Dijkstra without heap time taken is: 0.011112
Source: 4971 Target: 1905
######################
4971 3155 3202 3203 2975 1699 65 2398 92 435 436 437 1574 997 793 1966 2187 2186 2185 1924 1923 1085 1086 283 284 676 1392 193 192 191 166 927 2 1590 224 225 226 2241 1854 1310 1311 1905 
Max bw is: 3214
######################

Dijkstra with heap time taken is: 0.001368
Source: 4971 Target: 1905
######################
4971 3155 3202 3203 2975 1699 1700 1701 1702 2233 2232 2231 3098 3097 3096 844 807 1110 1111 2001 2002 1889 1890 3972 36 35 3422 3421 3660 152 153 1667 1380 1379 3833 4491 4492 123 122 121 625 624 623 3171 3170 4309 4310 4311 4684 4683 4682 3650 3649 4089 4088 4087 4387 4386 1074 97 2856 2855 358 359 360 361 4875 4866 4865 4864 3928 3927 3926 3925 2072 3015 3014 3667 3668 2987 2986 2985 3362 3361 3360 1566 1565 1564 107 2528 2374 2366 2367 2368 4361 4362 4363 4338 2684 736 1912 1310 1311 1905 
Max bw is: 3214
######################

kruskal time taken is: 0.009687
Source: 4971 Target: 1905
######################
4971 3155 3202 3203 1378 3461 858 1089 3083 3084 3506 3060 3059 3115 4758 848 849 850 3509 4676 3235 4376 4896 4895 167 2884 2885 2886 3956 1909 1362 1150 1547 3272 225 4462 4463 4464 828 1326 1327 1328 4223 4904 2615 1730 4627 3601 2469 2470 1941 1741 1342 4597 4446 1347 559 4281 4282 411 410 3415 1016 1017 1018 2927 2926 2925 3996 4741 866 3126 2745 751 3273 3259 1352 583 3184 881 4308 4307 3291 631 632 354 1542 2215 48 3997 146 3523 2763 2764 2765 1567 1435 2676 2675 2674 1298 2611 3745 3034 51 3177 187 4184 2526 2527 1001 128 171 4132 1390 1389 1846 1845 4064 4065 4263 452 1072 2999 2998 1772 1773 2239 2240 2241 1854 1310 1311 1905 
Max bw is: 3214
######################

5th iteration of source & target

Dijkstra without heap time taken is: 0.019353
Source: 472 Target: 697
######################
472 3971 1579 1578 1577 682 681 680 679 678 677 676 284 283 1086 1085 1923 1924 2185 2186 2187 1966 793 997 1574 1573 1572 1571 1570 1389 1390 2505 2504 698 697 
Max bw is: 3244
######################

Dijkstra with heap time taken is: 0.005428
Source: 472 Target: 697
######################
472 3971 1579 1578 1577 618 619 76 77 2529 2530 2142 1294 1295 3713 3712 3826 3827 3828 1946 527 528 1454 1453 2971 2972 257 4795 3786 3554 3553 4654 2461 2460 1481 3653 4 3 2 927 926 1111 1110 834 4133 4132 1390 2505 2504 698 697 
Max bw is: 3244
######################

kruskal time taken is: 0.009334
Source: 472 Target: 697
######################
472 3971 1579 1578 4435 4436 3694 3566 4496 2107 2106 2105 4222 3216 3217 666 1860 4438 3545 4833 913 914 21 22 23 24 392 393 1758 960 959 4754 1536 3392 2657 2645 2646 4745 4744 4497 1540 1541 1542 2215 48 3997 146 3523 2763 2764 2765 1567 1435 2676 2675 2674 1298 2611 3745 3034 51 3177 187 4184 2526 2527 1001 128 171 4132 1390 2505 2504 698 697 
Max bw is: 3244
######################

For dense graph:
1th iteration of source & target

Dijkstra without heap time taken is: 0.394734
Source: 3183 Target: 2193
######################
3183 2837 1835 1284 1980 105 1135 1059 1756 343 959 1104 1101 113 1680 505 790 78 29 392 1602 596 103 1255 487 1032 1264 1477 1772 1051 1286 553 807 339 1106 1888 1715 19 677 1868 1212 1510 427 94 932 1856 2 1743 403 1093 2340 2264 848 2388 1469 1590 868 2842 2193 
Max bw is: 4985
######################

Dijkstra with heap time taken is: 0.667961
Source: 3183 Target: 2193
######################
3183 2837 3542 2044 2833 1838 3023 1093 4698 2763 2615 4234 4922 4989 3838 228 2169 3957 2503 235 4363 2265 1060 3058 3112 1403 4578 1416 4713 4671 4050 2499 4932 2933 4 3395 126 607 1510 427 94 932 298 4597 4786 759 2774 821 2379 933 944 3961 4576 958 2437 4252 2217 1595 4024 3274 2714 4215 2896 4799 1203 3566 1174 1065 1216 4484 4482 3242 652 704 2515 4577 3991 891 2335 4185 2399 2857 3719 1264 1673 3468 2341 1127 1182 3974 4909 1122 3065 1525 4603 2616 4228 2274 4945 1004 950 4617 3792 3738 4040 4199 1386 768 2552 3349 3822 3374 4946 4812 1547 4400 1219 3523 2125 4724 1894 4788 4511 1630 2471 2657 3181 1592 3482 3648 4554 402 3967 2626 2477 2890 4825 522 1344 1428 3882 4283 3685 4787 72 1735 1023 469 1726 4262 1145 4958 1603 4101 1576 3237 871 1945 2740 1464 4145 3308 1605 2450 3175 4515 2 4743 770 4217 3313 2992 2052 3531 2826 4836 2523 1487 251 2830 4718 2994 902 3583 192 2214 1457 1288 4690 12 13 4941 1126 1250 3529 981 3383 1485 2205 4893 1712 799 1234 135 317 2041 443 880 2284 351 4336 2620 3300 4905 4405 2281 2769 481 1890 203 219 17 2292 2621 4299 3698 4672 328 2321 659 4135 2332 201 4601 1076 4908 4469 3621 2062 4800 1656 1179 4585 2937 918 3232 3140 3231 3525 3328 4503 4502 4712 560 1899 4200 239 1976 4177 338 3707 1129 2465 1423 2791 3795 4416 1405 2201 3782 2065 2066 1009 2525 4986 152 4563 3192 3654 1338 622 4833 110 4468 4343 3712 470 2242 1351 3885 1424 3224 4364 4398 1608 992 4487 591 3377 130 698 2655 1458 3771 1362 4409 868 2842 2193 
Max bw is: 4985
######################

kruskal time taken is: 5.55188
Source: 3183 Target: 2193
######################
3183 2837 3542 2044 982 925 2471 1630 1883 2688 11 1367 4854 2598 4229 1581 118 4375 483 3598 2269 2650 3831 3880 3938 4210 2348 2208 3742 2842 2193 
Max bw is: 4985
######################

2th iteration of source & target

Dijkstra without heap time taken is: 0.763541
Source: 3866 Target: 1328
######################
3866 1468 2325 3887 2678 2927 3611 2742 1677 582 3078 3506 1521 2251 1149 1417 2060 2993 2294 483 3598 2269 2650 3831 3880 3938 4210 2348 622 4604 3783 1680 505 2028 3988 1055 734 712 1701 824 74 3778 22 4469 3621 2062 3945 755 557 4184 3000 875 3348 372 3221 1240 3594 950 3806 3940 364 3567 383 3544 3273 1950 1107 3514 1286 1133 4333 3771 1458 1332 1328 
Max bw is: 4990
######################

Dijkstra with heap time taken is: 0.718278
Source: 3866 Target: 1328
######################
3866 1468 2325 3887 2678 2927 3611 2742 1677 582 3078 3215 4459 4894 1919 1920 2515 419 3533 36 837 1499 2379 52 1547 4812 4946 3696 1762 1565 4604 622 2348 4210 3938 3880 3831 2650 2269 3598 483 2294 2993 2060 1417 1149 2251 951 953 829 2963 4903 2782 2450 3175 4515 1477 1772 1051 1286 1133 4333 3771 1458 1332 1328 
Max bw is: 4990
######################

kruskal time taken is: 2.31991
Source: 3866 Target: 1328
######################
3866 1468 2325 3887 2678 2927 3611 2742 1677 582 3078 3506 1521 1850 1207 3529 981 3383 1485 2205 4893 1712 927 3995 3094 668 4510 4524 3436 1479 1915 118 4375 483 2294 2993 2060 1417 1149 2251 951 953 829 2963 4903 2782 2450 3175 4515 1477 1772 1051 1286 1133 4333 3771 1458 1332 1328 
Max bw is: 4990
######################

3th iteration of source & target

Dijkstra without heap time taken is: 0.458448
Source: 1748 Target: 2571
######################
1748 1655 891 534 3944 761 418 3251 379 684 2639 393 1506 245 1077 3843 1795 1573 3077 3754 1493 3614 3792 989 708 2386 3160 175 403 1093 2340 2264 848 2388 1604 2423 2471 1630 1883 2688 11 2298 3420 838 701 2038 1818 2093 3145 1053 576 1549 3872 2184 3249 3358 545 3985 1078 2413 766 3647 4350 683 4756 2332 3504 341 4620 3704 1442 901 2571 
Max bw is: 4993
######################

Dijkstra with heap time taken is: 0.433642
Source: 1748 Target: 2571
######################
1748 1655 891 534 3944 91 836 3790 2932 4827 1242 3704 1442 901 2571 
Max bw is: 4993
######################

kruskal time taken is: 2.29508
Source: 1748 Target: 2571
######################
1748 1655 891 534 3944 91 836 3790 2932 4827 1242 3704 1442 901 2571 
Max bw is: 4993
######################

4th iteration of source & target

Dijkstra without heap time taken is: 0.379763
Source: 4971 Target: 1905
######################
4971 2219 3012 25 1514 737 1976 274 408 522 1344 1428 1680 113 1101 1104 959 445 1513 734 1055 1444 1494 618 2151 291 2561 1905 
Max bw is: 4982
######################

Dijkstra with heap time taken is: 0.558516
Source: 4971 Target: 1905
######################
4971 2219 3012 4347 4837 1318 4212 2096 418 761 3751 1015 4273 4842 2196 3625 937 1044 1572 4250 2553 2755 374 1661 1949 3331 4802 3915 3575 2796 2541 689 1656 4800 2062 3621 3 683 3007 4658 3319 1021 2951 652 704 3890 4862 2856 4765 2807 4290 3105 2501 3386 2859 419 954 3516 1315 1699 4046 3586 2105 3888 2785 4196 2275 3671 4275 273 1602 3341 4258 4005 3396 4434 2410 125 855 406 3270 2004 1825 3720 2260 3371 3157 3177 1065 386 443 2041 4277 3727 909 3485 190 2304 2545 1240 3221 372 1681 2421 4891 2957 3291 2982 3210 2777 1164 2810 3307 1263 1496 1711 2492 2526 666 4827 2124 1884 4026 1693 3917 2984 894 1574 1145 4958 1603 4101 573 787 292 941 2303 709 4622 4105 3609 3636 1057 4833 110 4468 4343 4296 4839 2561 1905 
Max bw is: 4982
######################

kruskal time taken is: 2.31261
Source: 4971 Target: 1905
######################
4971 2219 3012 25 1909 2158 764 3802 1050 1016 1706 2866 729 3929 4778 1303 2561 1905 
Max bw is: 4982
######################

5th iteration of source & target

Dijkstra without heap time taken is: 0.932229
Source: 472 Target: 697
######################
472 1441 1526 2977 2275 1207 1850 1521 2251 1149 1417 2060 2993 2294 483 3598 2269 2650 3831 3880 3938 4210 2348 622 4604 3783 1680 505 2028 3988 1055 734 712 1701 824 74 3778 22 4469 3621 2062 3945 1269 2982 3210 3021 3872 1549 576 1053 3145 2093 1818 2038 2222 4535 742 2415 4688 697 
Max bw is: 4985
######################

Dijkstra with heap time taken is: 0.875074
Source: 472 Target: 697
######################
472 1441 1526 2189 4744 4070 3683 3373 1823 253 3225 661 3639 318 4736 2994 3591 1909 2158 764 3802 1618 1055 734 712 1701 824 74 3778 22 4469 3621 2062 3945 1269 2982 3210 3021 3872 1549 576 1053 3145 2093 1818 2038 2222 4535 742 2415 4688 697 
Max bw is: 4985
######################

kruskal time taken is: 2.34829
Source: 472 Target: 697
######################
472 1441 1526 2977 2275 1207 3529 981 3383 1485 2205 4893 1712 927 3995 3094 668 4510 4524 3436 1479 1915 118 4375 483 3598 2269 2650 3831 3880 3938 4210 2348 622 4604 3783 1680 505 2028 3988 1055 734 712 1701 824 74 3778 22 4469 3621 2062 3945 3165 3571 3228 3338 1728 4199 2469 4200 1099 4509 4168 552 4688 697 
Max bw is: 4985
######################

********* 4th iteration of graphs******
For sparse graph:
1th iteration of source & target

Dijkstra without heap time taken is: 0.079189
Source: 1146 Target: 4564
######################
1146 1147 115 114 535 1458 361 1277 1435 1436 2753 2683 2682 2996 1746 1747 1860 2302 1259 1013 1129 1130 1131 15 2489 1987 1333 2379 2380 1231 1232 1569 1923 1924 251 1906 751 752 591 1330 1331 1487 2988 2989 119 3850 1999 4565 4564 
Max bw is: 2332
######################

Dijkstra with heap time taken is: 0.006445
Source: 1146 Target: 4564
######################
1146 1147 115 114 535 1458 1459 1460 1891 1892 1376 3094 325 324 323 2001 3942 3943 2693 2692 2220 3118 3117 1155 3996 3995 177 501 502 4810 4129 4128 2282 2283 3005 4806 3559 3560 3561 1841 1840 4734 4735 4736 2998 2997 714 2435 8 7 2028 4448 4447 334 333 332 3011 3010 3009 3008 4354 663 3070 2324 1057 3120 3119 2385 2384 2383 2382 642 957 2980 4995 4994 777 3812 3528 862 1727 1728 4855 4981 2463 3802 3803 4512 362 363 2392 1565 1308 1309 1310 3755 1755 2286 2287 932 3594 990 991 992 993 4453 843 2813 347 348 2127 1956 2377 2376 2687 3278 4962 206 2991 1722 4543 119 3850 1999 4565 4564 
Max bw is: 2332
######################

kruskal time taken is: 0.009738
Source: 1146 Target: 4564
######################
1146 1147 115 114 535 1458 1457 4650 4651 780 4881 4005 2272 2271 381 2598 1192 1191 3436 140 2710 2709 3422 2194 995 463 1507 981 4315 4710 3840 3839 2362 742 2464 4686 3037 4803 3001 2074 2075 1156 1282 4056 1240 2519 2518 2517 791 4060 4083 3717 3718 1777 4357 2584 2585 1841 1842 4300 907 4610 1181 2305 149 199 1442 866 1097 4720 2062 427 426 4525 4526 130 2765 3513 4543 119 3850 1999 4565 4564 
Max bw is: 2332
######################

2th iteration of source & target

Dijkstra without heap time taken is: 0.055517
Source: 1119 Target: 4926
######################
1119 1118 1949 502 4810 2635 4527 2414 146 147 148 3872 3871 3870 3275 2379 1333 1987 2489 15 1131 1130 1129 1013 1259 2302 640 864 863 2984 579 580 581 582 1651 3359 3360 880 522 2288 223 2298 1886 3545 3546 916 915 2647 3370 3369 4926 
Max bw is: 3603
######################

Dijkstra with heap time taken is: 0.005334
Source: 1119 Target: 4926
######################
1119 1118 1949 502 4810 4129 4674 2030 1653 4543 1722 2991 206 205 4760 3145 156 157 2564 615 4878 549 548 4675 4676 2498 4428 3123 3122 3121 3120 1057 2324 3359 3360 880 522 2288 223 2298 1886 3545 1322 1211 509 3140 3141 3432 3431 650 649 2475 2474 2473 2472 1452 3319 3320 3090 3089 3088 1141 2708 2709 3422 3549 2418 2419 3281 3280 1808 3892 3891 3692 2601 1527 3471 331 3226 3225 4945 1175 1174 3443 1530 1529 4200 3956 3456 3455 1284 1111 1110 4264 4338 2515 2390 1049 1048 2571 2570 2235 2234 2093 3498 3499 2717 2716 164 163 1959 3888 1905 1906 751 752 753 3331 3198 3307 2995 969 968 3767 4162 664 3418 3417 4768 3369 4926 
Max bw is: 3603
######################

kruskal time taken is: 0.009448
Source: 1119 Target: 4926
######################
1119 1118 1949 502 4810 4129 4674 2030 1653 4543 3513 50 3523 4071 4070 4069 4068 1417 1335 1334 4620 4619 3201 3202 1602 1698 3900 503 4139 4042 1472 2717 3499 3498 2093 2092 4073 4072 271 270 3339 3338 969 2995 3307 3198 3331 753 752 751 1906 1905 3888 1959 3416 3417 3418 1162 1161 4986 4245 707 747 3742 2535 1573 1572 3370 3369 4926 
Max bw is: 3603
######################

3th iteration of source & target

Dijkstra without heap time taken is: 0.025529
Source: 306 Target: 1285
######################
306 307 1997 1996 1995 577 576 66 2161 2162 2163 1336 1335 1417 1240 1239 1238 1237 614 613 1672 1671 1670 1669 689 1582 1126 1016 1015 1136 1147 27 26 25 1402 1401 1688 1689 904 1575 1576 1627 1628 1416 1415 1414 1413 753 752 751 1906 1521 1520 1797 1526 1070 1069 1697 2522 1285 
Max bw is: 3038
######################

Dijkstra with heap time taken is: 0.000802
Source: 306 Target: 1285
######################
306 307 1997 1996 3626 3627 4422 4421 4420 4419 4418 2565 2566 3421 3420 3419 3418 3417 3416 1959 1960 3185 3184 4289 4695 4694 2237 2238 2239 2240 2241 2949 2950 2951 896 897 848 3764 3765 4015 4014 2683 2682 2996 1746 1747 2731 4290 3068 3069 3070 2324 1057 1058 1059 1060 333 332 747 746 1872 3458 3457 3456 3455 1284 1111 1110 3551 3552 3553 3554 4455 4454 2614 4365 1303 1302 3192 3191 3851 3852 3853 2736 2735 816 817 3037 4358 5 4 2016 2017 2018 2931 2930 2929 2928 4737 1867 1866 3491 3179 1457 670 1469 3365 3366 3367 1510 1509 1508 1295 4867 347 348 2503 2831 3849 3850 119 4543 4542 944 943 942 674 673 2413 1336 1335 1334 4620 4619 3201 3202 1602 1698 3449 3450 965 966 2087 2332 2331 4310 4311 4070 4069 4068 4067 2015 2351 2350 3401 3402 3403 3404 4978 4977 4976 2263 2264 287 286 1941 1942 1901 1900 4043 4042 4041 1215 1214 1213 1769 1770 651 652 631 630 629 2258 4960 4961 1514 1774 1775 1117 1118 1119 1120 2299 2298 223 222 221 220 219 218 4550 2578 1108 1109 4374 4375 1951 926 925 4893 4894 4895 69 70 2514 1239 1238 1237 614 613 612 1976 1977 4018 4019 4303 4302 1285 
Max bw is: 3038
######################

kruskal time taken is: 0.010133
Source: 306 Target: 1285
######################
306 307 1997 1996 696 695 3225 4945 1175 4418 4359 4358 5 4 1753 1754 1708 1707 1340 1339 707 4245 4986 1161 1162 3418 3417 3416 1959 3888 1905 1906 251 1924 1923 1569 1232 2855 2854 1285 
Max bw is: 3038
######################

4th iteration of source & target

Dijkstra without heap time taken is: 0.059122
Source: 4375 Target: 1682
######################
4375 4374 3197 3414 4169 4168 2908 2488 2487 2620 2621 1951 926 341 342 3272 3223 2999 3000 3001 3038 3039 2625 397 398 268 269 270 271 1436 2753 2683 2682 2996 1746 1747 1860 2302 640 864 863 2984 579 580 581 2870 2067 2953 2952 1901 2097 2098 3755 1310 1542 1683 1682 
Max bw is: 3553
######################

Dijkstra with heap time taken is: 0.005557
Source: 4375 Target: 1682
######################
4375 4374 3197 3414 4169 4168 2908 2488 2487 2620 2621 1951 926 925 4893 4894 3889 3890 3891 3892 1808 3280 3281 760 761 762 954 3353 4384 4383 504 503 3900 3901 3902 868 3953 3952 2104 2103 1978 1979 4915 2538 1891 1460 1459 1458 1457 670 1469 3365 3631 3630 4071 4070 4069 4068 1417 1335 1334 3585 2961 1462 1730 4881 780 2946 3862 3863 3864 3865 376 2860 2859 2858 4521 4522 4601 4789 4788 2144 1131 1130 1616 4268 1260 4728 4727 4726 4725 215 214 4969 1511 3350 3081 4902 4003 4004 4666 1992 1082 4534 1555 1556 1217 4180 4834 4833 4832 4831 3054 2517 2518 2519 729 728 3823 3824 202 201 1331 1330 591 752 753 3331 3198 3307 3306 177 501 502 1949 1118 1119 4377 3465 756 755 404 405 1735 1736 1737 4654 4840 4839 109 2150 1757 4419 4418 4359 4358 5 4 3 3160 3123 3122 3121 3120 1057 2324 3359 3360 880 3370 2647 915 916 3546 3545 1886 2298 4819 4820 98 265 1569 1232 2855 1549 1499 1207 4712 4711 1309 1310 1542 1683 1682 
Max bw is: 3553
######################

kruskal time taken is: 0.009414
Source: 4375 Target: 1682
######################
4375 4374 3197 3414 4169 4168 2908 2488 2487 2620 2621 1951 926 925 4893 4287 4286 4285 1178 1179 1180 1181 4610 907 4300 2943 2944 2210 229 233 234 235 2802 2803 3125 3126 1774 1775 4944 2309 3384 3385 4972 4973 3489 2098 3755 1310 1542 1683 1682 
Max bw is: 3553
######################

5th iteration of source & target

Dijkstra without heap time taken is: 0.001831
Source: 2126 Target: 201
######################
2126 2125 27 26 2020 2021 280 279 4790 2012 4750 4751 4018 4019 4303 4302 1285 2854 2855 1232 1569 1923 1924 251 1906 751 752 591 1330 1331 201 
Max bw is: 3894
######################

Dijkstra with heap time taken is: 0.003141
Source: 2126 Target: 201
######################
2126 2125 27 26 2020 2021 280 279 4790 2012 4750 4751 4018 4019 4303 4302 1285 2854 2855 1232 1569 216 534 533 3732 3731 1267 2202 2201 1495 4108 4476 4567 774 773 872 3033 3187 3188 3356 4384 3353 954 762 761 3963 1177 1178 4285 4912 4913 4454 126 1332 1331 201 
Max bw is: 3894
######################

kruskal time taken is: 0.009553
Source: 2126 Target: 201
######################
2126 2125 27 26 2020 2021 280 279 4790 2012 4750 4751 4018 4019 4303 4302 1285 2854 2855 1232 1569 1923 1924 251 1906 751 752 591 1330 1331 201 
Max bw is: 3894
######################

For dense graph:
1th iteration of source & target

Dijkstra without heap time taken is: 0.632886
Source: 4492 Target: 4929
######################
4492 2513 2998 321 1369 2848 399 493 976 2187 691 2002 1388 3262 1294 2408 1830 2081 1156 1208 2276 704 3101 3051 597 2281 1414 1371 2171 1548 3391 1019 3382 1745 3232 1580 241 1728 1994 2267 809 3167 2083 2521 1806 3080 2252 519 249 741 1662 1385 2916 2677 1515 995 3052 1324 621 1123 3084 3724 1370 2684 2223 2149 3072 3401 2324 793 3488 2503 1404 4265 4019 1487 4929 
Max bw is: 4992
######################

Dijkstra with heap time taken is: 0.39097
Source: 4492 Target: 4929
######################
4492 2513 2998 321 2172 657 4491 836 4183 959 2691 4987 2803 1499 276 467 452 1006 4149 887 4027 4041 1469 3768 1821 1776 4348 1042 154 966 3726 905 3245 4671 831 1344 1979 4702 1882 1426 1297 4224 2961 896 2305 3279 699 3813 4908 2521 2083 1342 2544 4935 4835 771 4225 1477 4817 268 3989 2624 4926 3551 3795 3862 4600 4991 928 2917 3850 2977 2105 397 2174 1957 1939 4122 3973 2014 2651 4403 2046 2251 4714 2581 4414 3664 3362 2522 2962 4119 4468 4320 1392 4929 
Max bw is: 4992
######################

kruskal time taken is: 5.46433
Source: 4492 Target: 4929
######################
4492 2513 2998 321 1369 1613 3580 132 4804 1756 3477 1025 4976 1306 1103 938 4343 1487 4929 
Max bw is: 4992
######################

2th iteration of source & target

Dijkstra without heap time taken is: 0.613692
Source: 239 Target: 4564
######################
239 2778 1897 932 329 3635 2222 1572 3587 535 147 3281 1442 3175 2631 1979 3343 2194 2721 2467 2916 2677 1515 995 3052 15 2067 178 2525 386 1247 153 449 1226 678 954 1613 1369 2848 399 493 976 2187 691 2002 916 1349 809 2267 1994 1728 241 1847 116 2493 1577 13 2918 28 2744 1351 583 1400 4009 1113 261 4564 
Max bw is: 4991
######################

Dijkstra with heap time taken is: 0.001355
Source: 239 Target: 4564
######################
239 4419 3224 4974 4564 
Max bw is: 4991
######################

kruskal time taken is: 2.32819
Source: 239 Target: 4564
######################
239 2778 1897 932 4017 1522 3010 1282 3436 773 935 2740 3965 2598 2718 4526 399 2848 3713 103 4149 887 4027 992 4717 118 1647 2477 4008 197 1774 1504 2049 4635 2060 566 3375 3312 3111 1833 4218 4266 3812 583 1400 4009 1113 261 4564 
Max bw is: 4991
######################

3th iteration of source & target

Dijkstra without heap time taken is: 0.989396
Source: 3279 Target: 2847
######################
3279 2305 896 2961 4224 1297 1426 1031 1830 2081 1156 1208 2276 704 3101 3051 597 2281 1414 1371 2171 1548 3391 1019 3382 1745 3232 1580 241 1728 1994 2267 809 3167 2083 2521 1806 3080 2252 519 249 741 1662 1385 2916 2677 1515 995 3052 1324 621 1123 3084 3724 1370 2684 1699 4573 2230 1317 2847 
Max bw is: 4980
######################

Dijkstra with heap time taken is: 0.927425
Source: 3279 Target: 2847
######################
3279 699 3813 4908 2521 2083 1342 2544 4935 4835 4291 430 3114 630 3239 1266 2137 2746 4738 2427 387 1741 2647 4526 2718 2598 3915 1228 3690 3595 3499 4070 656 394 3314 4801 4925 811 701 1768 4286 1416 1402 4393 1617 1006 452 467 276 1499 2803 4987 3713 2848 1369 3818 4612 3824 1699 4573 2230 1317 2847 
Max bw is: 4980
######################

kruskal time taken is: 2.33392
Source: 3279 Target: 2847
######################
3279 2305 896 2961 4224 1297 1981 4781 135 146 605 936 2747 2643 2439 2268 955 801 1529 4904 2358 1461 4124 4380 592 4423 2239 4897 2746 4738 2427 387 1741 2647 3405 4476 366 4295 1548 3391 1019 3382 1745 4882 399 4526 2718 2598 3965 2740 935 773 3436 1870 4810 21 2150 1107 2991 3222 4780 231 4914 136 1786 1298 4281 3262 1388 4552 3122 179 4200 4580 4699 4455 535 3587 1572 2222 3635 329 2756 1573 4467 518 1484 4550 3900 2230 1317 2847 
Max bw is: 4980
######################

4th iteration of source & target

Dijkstra without heap time taken is: 0.617553
Source: 4274 Target: 4508
######################
4274 4910 1444 3362 3664 4414 4317 1848 2916 2677 132 3580 2521 2083 3167 809 2267 4740 1857 3176 2807 4603 2597 466 4569 4137 3557 4498 4508 
Max bw is: 4992
######################

Dijkstra with heap time taken is: 0.57813
Source: 4274 Target: 4508
######################
4274 4910 1444 3362 3664 4414 4317 1848 2916 2677 132 4804 1756 3477 1025 4976 1306 1103 938 4343 1487 4019 830 4312 1536 1284 4286 1768 701 811 4925 1373 4952 1610 2557 1799 4057 660 203 4154 4679 3248 2207 2351 3850 2917 928 4416 3824 1131 2487 3915 2598 2718 4526 399 4882 1745 3382 1019 3391 1548 4295 366 4476 3405 2647 1741 387 2427 4738 2746 4897 2239 4423 592 4380 4124 1461 2358 4904 1529 801 955 2268 2439 2643 2747 936 605 146 135 4781 1981 2008 4889 4285 2597 466 4569 4137 3557 4498 4508 
Max bw is: 4992
######################

kruskal time taken is: 2.33348
Source: 4274 Target: 4508
######################
4274 4910 1444 3362 3664 4414 4317 1848 2916 2677 132 4804 1756 3477 1025 4156 2081 1830 2408 1294 3262 4281 1298 1786 136 4914 231 4780 3222 2991 1107 2150 21 4810 1870 3436 773 935 2740 3965 2598 3915 2487 4595 3535 512 2507 3438 2792 2441 3629 3450 4877 4498 4508 
Max bw is: 4992
######################

5th iteration of source & target

Dijkstra without heap time taken is: 0.793181
Source: 2644 Target: 3742
######################
2644 2977 3850 2917 928 4416 3824 1131 2487 4595 2357 4907 4433 3742 
Max bw is: 4990
######################

Dijkstra with heap time taken is: 0.728055
Source: 2644 Target: 3742
######################
2644 2977 3850 2351 2207 3248 4679 4154 203 660 4057 1799 2557 1610 4952 1373 4925 811 701 1768 4286 1284 1536 4312 830 4019 4265 1404 2503 3924 3508 2268 955 801 1529 4904 2358 1461 4124 4380 592 4423 2239 4897 2746 4738 2427 387 1741 2647 3405 4476 366 4295 1548 2171 1371 4815 3571 4443 4073 1781 1702 4479 3730 2615 1210 1131 2487 4595 2357 4907 4433 3742 
Max bw is: 4990
######################

kruskal time taken is: 2.30768
Source: 2644 Target: 3742
######################
2644 2977 3850 2351 1152 4679 4154 203 660 4057 1799 2557 1610 4952 1373 4925 811 701 1768 4286 1284 1536 4312 830 4019 4265 1404 2503 3924 3508 2268 955 801 1529 4904 2358 1461 4124 4380 592 4423 2239 4897 2746 4738 2427 387 1741 2647 3405 4476 366 4295 1548 3391 1019 3382 1745 4882 399 4526 2718 2598 3915 2487 4595 2357 4907 4433 3742 
Max bw is: 4990
######################

