*********For pair of graphs******
For first graph:
0th iteration of source & target
source: 3927target: 325
Dijkstra without heap time taken is: 0.031218
Source: 3927 Target: 325
######################
3927 3926 30 29 3402 291 292 293 1738 1681 1329 3262 334 335 1127 1126 1418 3821 159 3055 1046 1047 192 4579 4578 1021 1358 3246 3400 4846 3804 3803 3802 2792 2476 3622 26 2400 2401 3157 4009 325 
Max bw is: 3922
######################
Dijkstra with heap time taken is: 0.000248
Source: 3927 Target: 325
######################
3927 3926 30 29 3402 291 292 293 1738 1681 1329 3262 334 335 1127 1126 1418 3821 159 3055 1046 1047 192 4579 4578 1021 1358 3246 3400 4846 3804 3803 3802 2792 2476 3622 26 2400 2401 3157 4009 325 
Max bw is: 3922
######################
kruskal time taken is: 0.00418
Source: 3927 Target: 325
######################
3927 3926 30 29 3402 291 292 293 1738 1737 4022 4717 3924 3917 3916 4815 45 101 1941 2160 2161 3130 3131 971 4906 4905 4126 2588 3055 1635 1634 1015 789 4600 4601 1602 3040 2478 3507 3508 3042 3041 1028 76 572 3357 3358 3782 3783 3714 3713 1331 1330 2872 358 819 820 2542 3192 2239 4665 2522 2457 4517 4516 4515 442 443 2707 3531 4754 3517 848 2371 2385 2384 2383 1540 1541 2906 2905 388 2264 2263 1770 1083 1131 1132 1133 1134 111 1321 1322 1323 2008 1244 1243 1670 1228 4779 1674 1675 1548 1549 1164 694 693 620 4292 2333 4355 1525 3246 3400 4846 3804 3803 3802 2792 2476 3622 26 2400 2401 3157 4009 325 
Max bw is: 3922
######################
1th iteration of source & target
source: 3170target: 42
Dijkstra without heap time taken is: 0.046432
Source: 3170 Target: 42
######################
3170 3171 658 4274 2514 2515 2131 2221 2218 2217 340 339 1618 1363 1362 1312 1311 1859 1104 2408 2409 2534 2562 2539 2540 2541 670 671 1749 227 226 165 1646 1691 1763 1762 1761 1746 1920 1921 254 656 221 2151 2150 2149 2062 849 848 2371 2385 2384 2383 1540 1541 1542 1352 479 480 1166 758 759 908 423 1590 1589 3523 2510 3541 921 920 2391 3230 43 42 
Max bw is: 3401
######################
Dijkstra with heap time taken is: 0.000905
Source: 3170 Target: 42
######################
3170 3171 658 4274 2514 1389 1211 1212 1959 1515 3050 2541 2540 2539 2562 4775 4414 576 577 87 2968 4683 4684 42 
Max bw is: 3393
######################
kruskal time taken is: 0.004117
Source: 3170 Target: 42
######################
3170 3171 658 4274 2514 2515 1252 3183 3242 4716 4919 1696 4636 2063 4938 4797 4796 2457 2522 4665 2239 3192 2542 820 819 358 2872 1330 1331 3713 3714 3783 3782 3358 3357 572 76 1028 3306 4789 1736 1735 1036 1035 1589 3523 2510 3541 921 920 2391 3230 43 42 
Max bw is: 3401
######################
2th iteration of source & target
source: 1382target: 1810
Dijkstra without heap time taken is: 0.009371
Source: 1382 Target: 1810
######################
1382 1383 1384 1128 1127 1126 1418 3821 159 3055 1046 1047 192 4579 4578 1021 1358 3246 1525 4355 2333 4292 620 693 694 1164 1549 1548 483 482 2002 433 432 431 981 982 3973 3974 134 2813 2812 2811 2810 673 3296 1813 1228 1670 1243 1244 2008 1323 1322 1321 111 1134 1133 1132 1131 1083 1770 2263 2264 388 2905 2906 3094 1176 4402 2584 2583 3832 3833 3630 2529 2144 2143 1497 2658 2659 2660 2661 1137 1136 1135 1073 1074 1270 1271 2618 1347 1810 
Max bw is: 3973
######################
Dijkstra with heap time taken is: 0.000536
Source: 1382 Target: 1810
######################
1382 1383 1384 1128 1127 1126 1418 3821 159 3055 1635 3776 1518 4848 2784 4291 650 3115 172 245 812 811 810 809 4418 4883 4764 4763 4762 1271 2618 1347 1810 
Max bw is: 3967
######################
kruskal time taken is: 0.004133
Source: 1382 Target: 1810
######################
1382 1383 1384 1128 1127 1126 1418 3872 3871 4534 4533 4187 4186 4330 3398 1063 1064 1399 1398 974 975 4515 442 443 2707 3531 4754 3517 848 2371 2385 2384 2383 1540 1541 2906 3094 1176 4402 2584 2583 3832 3833 3630 2529 2144 2143 1497 2658 2659 2660 2661 1137 1136 1135 1073 1074 1270 1271 2618 1347 1810 
Max bw is: 3973
######################
3th iteration of source & target
source: 2658target: 4079
Dijkstra without heap time taken is: 0.099804
Source: 2658 Target: 4079
######################
2658 1497 2143 2144 2529 3630 3833 3832 2583 2584 4402 1176 3094 2906 1541 1540 2383 2384 2385 2371 848 3517 4754 3531 2707 443 442 4515 4516 4517 2457 2522 4665 2239 3192 2542 820 819 358 2872 1330 1331 3713 3714 3783 3782 3358 3357 572 76 1028 3306 4789 4790 4398 4079 
Max bw is: 2848
######################
Dijkstra with heap time taken is: 0.001926
Source: 2658 Target: 4079
######################
2658 1497 2143 2144 2529 3630 3833 3832 2583 2584 4402 1176 3094 2906 1541 1540 2383 2384 2385 2371 848 3517 4754 3531 2707 443 442 4515 4516 4517 2457 2522 4665 2239 3192 2542 820 819 358 2872 1330 1331 3713 3714 3783 3782 3358 3357 572 76 1028 3306 4789 4790 4398 4079 
Max bw is: 2848
######################
kruskal time taken is: 0.004158
Source: 2658 Target: 4079
######################
2658 1497 2143 2144 2529 3630 3833 3832 2583 2584 4402 1176 3094 2906 1541 1540 2383 2384 2385 2371 848 3517 4754 3531 2707 443 442 4515 4516 4517 2457 2522 4665 2239 3192 2542 820 819 358 2872 1330 1331 3713 3714 3783 3782 3358 3357 572 76 1028 3306 4789 4790 4398 4079 
Max bw is: 2848
######################
4th iteration of source & target
source: 2681target: 4432
Dijkstra without heap time taken is: 0.07249
Source: 2681 Target: 4432
######################
2681 2682 2011 45 44 1861 1860 1271 1270 1074 1073 1135 1134 1133 1734 1720 1719 484 485 787 786 785 784 783 782 338 1548 483 482 481 480 1166 758 759 908 423 422 421 420 1120 1661 363 2908 4028 4432 
Max bw is: 3029
######################
Dijkstra with heap time taken is: 0.001157
Source: 2681 Target: 4432
######################
2681 2682 2011 45 4815 4158 1131 1083 1770 2263 2262 3152 3879 1188 973 4383 2712 2713 2909 2908 4028 4432 
Max bw is: 3029
######################
kruskal time taken is: 0.004195
Source: 2681 Target: 4432
######################
2681 2682 2011 45 101 1941 2160 2161 3130 3131 971 4906 4905 4126 2588 3055 1635 1634 1015 789 4600 4601 1602 3040 2478 3507 3508 3042 3041 1028 3306 4789 1736 1735 3362 288 3539 3394 3395 2908 4028 4432 
Max bw is: 3029
######################
*********For pair of graphs******
For first graph:
0th iteration of source & target
source: 3260target: 2762
Dijkstra without heap time taken is: 0.026966
Source: 3260 Target: 2762
######################
3260 1897 4526 4527 2141 2142 2143 1411 1412 1413 881 882 2362 308 2014 2304 808 2079 2080 1602 641 2375 1239 268 269 270 1820 1821 1502 1501 1500 1499 2274 687 686 281 1627 1626 2046 2510 2509 1216 2513 145 144 2017 2101 2100 2099 906 2463 1802 1803 562 1553 1552 217 2761 2762 
Max bw is: 3407
######################
Dijkstra with heap time taken is: 0.000762
Source: 3260 Target: 2762
######################
3260 1897 4526 4527 2141 2142 2143 4483 447 448 3218 1552 217 2761 2762 
Max bw is: 3407
######################
kruskal time taken is: 0.00419
Source: 3260 Target: 2762
######################
3260 1897 4526 4527 2141 2142 3738 3600 2831 1526 2406 2140 4962 4963 4964 1253 1254 1783 4741 3860 3861 1655 3467 2428 3251 1067 2587 368 367 1477 408 4701 3441 2619 4766 1200 2201 3440 3439 4785 1996 3803 3804 1259 107 4455 4456 2516 4367 768 767 766 3458 2708 1709 683 2312 2311 1209 1210 964 658 657 656 4698 1764 4676 2762 
Max bw is: 3407
######################
1th iteration of source & target
source: 3499target: 1721
Dijkstra without heap time taken is: 0.003243
Source: 3499 Target: 1721
######################
3499 1985 1293 1973 1380 3174 3173 398 1321 1320 1319 1318 1406 1407 314 2014 2304 808 2079 2080 1602 641 640 639 663 662 661 1507 1506 1505 1504 1184 608 607 606 1722 1721 
Max bw is: 3362
######################
Dijkstra with heap time taken is: 0.000793
Source: 3499 Target: 1721
######################
3499 1985 1293 1973 1380 3174 3173 398 1321 1320 1085 3810 4807 1483 1796 615 1721 
Max bw is: 3362
######################
kruskal time taken is: 0.00417
Source: 3499 Target: 1721
######################
3499 1985 1293 300 4968 3106 3107 3108 4833 311 312 2129 858 3849 1965 1964 3472 1791 1790 1209 2311 2312 683 1709 2708 3458 766 767 768 4367 2516 4456 4455 107 1259 3804 3803 1996 4785 3439 3440 2201 1200 4766 2619 3441 4701 408 1477 367 368 2587 1067 3385 3386 214 443 4767 1722 1721 
Max bw is: 3362
######################
2th iteration of source & target
source: 935target: 2743
Dijkstra without heap time taken is: 0.048241
Source: 935 Target: 2743
######################
935 934 651 650 1162 1161 71 699 698 697 696 695 1149 1148 142 141 578 262 261 260 259 258 257 256 898 35 139 138 496 497 881 880 489 335 336 445 894 530 531 676 677 678 679 738 737 301 302 99 2 1 107 108 426 733 2743 
Max bw is: 2067
######################
Dijkstra with heap time taken is: 0.000566
Source: 935 Target: 2743
######################
935 934 651 1222 4936 4935 2735 3802 3803 1996 1997 3056 3817 624 625 626 4025 4024 2476 2617 2616 4702 734 733 2743 
Max bw is: 2067
######################
kruskal time taken is: 0.00413
Source: 935 Target: 2743
######################
935 934 651 652 917 1319 3894 2761 2762 4676 1764 4698 656 657 658 964 1210 1209 2311 2312 683 1709 2708 3458 766 767 768 4367 2516 4456 4455 107 1259 3804 3803 1996 4785 3439 3440 2201 1200 4766 2619 3441 4701 408 1477 367 368 2587 1067 3385 3386 214 443 733 2743 
Max bw is: 2067
######################
3th iteration of source & target
source: 994target: 3350
Dijkstra without heap time taken is: 0.024976
Source: 994 Target: 3350
######################
994 995 2895 3027 1150 2947 3284 769 1645 2992 82 81 80 961 962 1552 2997 2737 3412 3413 1455 1085 1320 1321 398 3173 3174 1380 1256 328 2082 3234 3233 1103 1104 2794 3636 18 3350 
Max bw is: 3762
######################
Dijkstra with heap time taken is: 0.001636
Source: 994 Target: 3350
######################
994 995 2895 3027 431 432 433 434 2714 2043 47 358 2624 3456 334 333 2992 1645 769 2576 3862 624 3817 3056 3055 2202 715 714 4385 4384 4383 2794 3636 18 3350 
Max bw is: 3762
######################
kruskal time taken is: 0.004211
Source: 994 Target: 3350
######################
994 995 1598 4749 4443 4444 4323 1203 4762 4763 2156 1106 2026 4627 3458 2708 1709 683 2312 2311 1209 1790 1791 3472 1964 1965 3849 858 2129 312 311 4833 3621 3620 4253 4252 3188 1439 3004 3636 18 3350 
Max bw is: 3762
######################
4th iteration of source & target
source: 807target: 257
Dijkstra without heap time taken is: 3.7e-05
Source: 807 Target: 257
######################
807 257 
Max bw is: 4753
######################
Dijkstra with heap time taken is: 2.7e-05
Source: 807 Target: 257
######################
807 257 
Max bw is: 4753
######################
kruskal time taken is: 0.00401
Source: 807 Target: 257
######################
807 257 
Max bw is: 4753
######################
*********For pair of graphs******
For first graph:
0th iteration of source & target
source: 4400target: 1801
Dijkstra without heap time taken is: 0.058948
Source: 4400 Target: 1801
######################
4400 4401 2850 2851 332 333 334 3608 3607 4740 3257 3258 2559 2560 3037 3036 3736 2820 907 527 528 529 1413 1653 1654 3137 3138 2534 4037 1646 2094 4038 2967 1153 2395 3370 99 98 236 4748 4516 4582 168 1801 
Max bw is: 3813
######################
Dijkstra with heap time taken is: 0.001057
Source: 4400 Target: 1801
######################
4400 4401 2850 2851 332 333 334 3608 3607 4740 3257 3258 2559 2560 3037 3036 3736 2820 907 527 528 529 1413 1653 1654 3137 3138 2534 4037 1646 2094 4038 2967 1153 2395 3370 99 98 236 4748 4516 4582 168 1801 
Max bw is: 3813
######################
kruskal time taken is: 0.004026
Source: 4400 Target: 1801
######################
4400 4401 2850 2851 332 333 334 3608 3607 4740 3257 3258 2559 2560 3037 3036 3736 2820 907 527 528 529 1413 1653 1654 3137 3138 2534 4037 1646 2094 4038 2967 1153 2395 3370 99 98 236 4748 4516 4582 168 1801 
Max bw is: 3813
######################
1th iteration of source & target
source: 254target: 2058
Dijkstra without heap time taken is: 0.032123
Source: 254 Target: 2058
######################
254 3887 3933 3934 3711 3710 3709 1341 1342 1599 343 342 913 2319 527 528 529 1413 1653 1654 1130 1812 1811 1810 1809 2588 2587 2586 1537 1536 723 724 725 726 709 710 711 712 962 963 208 207 227 116 115 114 89 90 1354 1355 359 2554 30 1687 1686 1685 773 772 2515 2255 2254 196 1525 1526 2722 2721 2720 2500 1066 1005 1004 1003 1002 1405 1404 141 1505 1506 3578 3577 3628 3627 2061 2060 2059 2058 
Max bw is: 3653
######################
Dijkstra with heap time taken is: 0.001176
Source: 254 Target: 2058
######################
254 3887 3933 3934 3711 3710 3709 1341 1342 397 4676 4675 4299 4300 3590 3591 1578 1577 4822 4821 3093 3092 2255 2254 196 4902 2285 2284 2083 839 1629 1628 1627 1626 3646 835 834 833 832 1976 1147 1146 3121 3122 4637 2059 2058 
Max bw is: 3653
######################
kruskal time taken is: 0.004087
Source: 254 Target: 2058
######################
254 3887 3933 3173 2444 3432 775 4135 4134 2341 3911 2944 2945 144 4374 4373 4886 14 15 2102 2886 2885 3823 4461 2400 1335 2959 1071 1480 4908 819 818 817 3627 2061 2060 2059 2058 
Max bw is: 3653
######################
2th iteration of source & target
source: 3065target: 3595
Dijkstra without heap time taken is: 0.097829
Source: 3065 Target: 3595
######################
3065 1713 2039 3365 3990 3989 4934 4935 2844 577 576 3682 179 180 3770 3769 2122 1715 969 968 3924 3596 50 4341 1268 1267 61 498 3043 3044 3045 1617 271 270 269 533 1000 1001 304 1932 453 3455 2736 2737 196 1525 261 3332 2178 3779 669 4699 54 2601 824 823 822 1319 2159 3595 
Max bw is: 3173
######################
Dijkstra with heap time taken is: 0.001672
Source: 3065 Target: 3595
######################
3065 1713 2039 3365 3990 3989 4934 4935 2844 577 576 3682 179 180 181 2495 4642 5 2245 4759 4758 4699 54 2601 824 823 822 1319 2159 3595 
Max bw is: 3173
######################
kruskal time taken is: 0.004081
Source: 3065 Target: 3595
######################
3065 1713 2039 3365 3990 3989 4934 4935 2844 577 576 3682 179 180 3770 250 2739 4508 670 669 4699 54 2601 824 823 822 1319 2159 3595 
Max bw is: 3173
######################
3th iteration of source & target
source: 3227target: 4852
Dijkstra without heap time taken is: 0.104856
Source: 3227 Target: 4852
######################
3227 2278 1343 4172 4954 704 2640 2034 2033 143 142 141 1404 1405 3147 3146 2403 798 3695 2152 1616 3559 3558 3557 4235 1602 3483 2306 2606 2607 1987 1986 3531 3582 1154 1344 4410 4409 877 2010 2011 4851 4852 
Max bw is: 2628
######################
Dijkstra with heap time taken is: 0.001842
Source: 3227 Target: 4852
######################
3227 2278 1343 4172 4954 704 2640 2034 4510 1131 2592 2701 4489 4407 4408 4409 877 2010 2011 4851 4852 
Max bw is: 2628
######################
kruskal time taken is: 0.004111
Source: 3227 Target: 4852
######################
3227 2278 1343 4172 4954 704 2640 2034 2033 143 142 141 1404 1405 3147 3146 467 468 4819 4133 4134 4135 775 3432 2444 3173 3933 3887 4336 2606 2607 1987 1986 3531 3582 1154 1344 4410 4409 877 2010 2011 4851 4852 
Max bw is: 2628
######################
4th iteration of source & target
source: 1856target: 144
Dijkstra without heap time taken is: 0.017478
Source: 1856 Target: 144
######################
1856 3374 3375 3376 2458 2459 2460 2657 3140 3139 2213 2764 863 2370 1613 2278 1343 1566 4091 4104 1040 1075 1076 1056 4439 2713 2714 1615 1614 2245 4759 4758 4699 669 3779 2178 3332 261 1525 196 2737 2736 3455 453 1932 304 1001 1000 533 269 270 271 1617 1616 3559 3558 3557 4235 1602 3483 2306 2606 4336 3887 3933 3173 2444 3432 775 4135 4134 2341 3911 2944 2945 144 
Max bw is: 3944
######################
Dijkstra with heap time taken is: 0.000358
Source: 1856 Target: 144
######################
1856 3374 3375 3376 2458 2459 2460 2657 3140 3139 2213 2764 863 2370 1613 2278 1343 4172 4954 704 2640 2034 4510 1131 2592 2701 4489 2762 1814 2945 144 
Max bw is: 3944
######################
kruskal time taken is: 0.004113
Source: 1856 Target: 144
######################
1856 3374 3375 3376 2458 2459 2460 2657 3140 3139 2213 2764 863 2370 1613 2278 1343 4172 4954 704 2640 2034 2033 143 142 141 1404 1405 3147 3146 467 468 4819 4133 4134 2341 3911 2944 2945 144 
Max bw is: 3944
######################
*********For pair of graphs******
For first graph:
0th iteration of source & target
source: 540target: 4487
Dijkstra without heap time taken is: 0.065315
Source: 540 Target: 4487
######################
540 4643 4470 2885 295 3145 432 1740 85 86 87 2158 2157 2156 2155 266 1943 796 795 794 1623 1300 2095 2094 259 258 257 256 73 1879 1878 1057 2495 2496 2412 1295 2717 1797 2294 2408 176 175 299 2349 1963 1978 1654 1653 2282 1320 959 751 655 1270 2600 2599 2598 2597 429 44 43 410 409 408 3267 716 2573 2574 1540 1539 2344 345 2554 1761 1213 578 579 723 622 612 1406 2674 4487 
Max bw is: 3567
######################
Dijkstra with heap time taken is: 0.000228
Source: 540 Target: 4487
######################
540 4643 4470 4471 1247 1117 1614 2602 4052 2629 2730 2729 953 952 951 950 3944 622 612 1406 2674 4487 
Max bw is: 3567
######################
kruskal time taken is: 0.004172
Source: 540 Target: 4487
######################
540 4643 4470 4469 4468 4408 3410 1753 1754 223 222 921 2027 4266 2155 2156 2157 2158 87 3271 845 846 3823 4708 3952 1743 4991 1146 1147 643 1267 1268 4059 2919 2920 2663 3163 4486 4487 
Max bw is: 3567
######################
1th iteration of source & target
source: 2009target: 2395
Dijkstra without heap time taken is: 0.035328
Source: 2009 Target: 2395
######################
2009 2010 3126 3393 2579 361 3029 3164 3163 2663 2920 2095 989 3864 81 82 1058 2766 1006 1725 2907 1401 2408 176 3445 3444 3443 2002 4028 3277 3148 3147 2941 2940 4033 2100 4103 3217 3218 3255 3256 3065 3066 2101 2545 2192 2038 2039 57 3326 151 956 3766 2398 2399 40 2227 2226 1200 1199 2799 2800 2801 3237 3238 1972 4555 4554 4553 4396 3718 2395 
Max bw is: 3841
######################
Dijkstra with heap time taken is: 0.000697
Source: 2009 Target: 2395
######################
2009 2010 3126 3393 2579 361 3029 3164 3163 2663 2920 2095 4872 127 126 3919 405 125 124 123 712 3978 4424 4799 4812 4677 4991 4992 2879 2493 1840 1841 4066 4067 1961 1962 3468 2396 2395 
Max bw is: 3774
######################
kruskal time taken is: 0.004124
Source: 2009 Target: 2395
######################
2009 2010 3126 3393 2579 361 3029 3164 2785 3285 3286 67 3530 3529 4721 4720 4825 4554 4553 4396 3718 2395 
Max bw is: 3841
######################
2th iteration of source & target
source: 1548target: 4447
Dijkstra without heap time taken is: 0.068593
Source: 1548 Target: 4447
######################
1548 1549 1550 670 22 23 24 25 141 142 32 33 34 75 74 73 256 257 258 259 260 261 262 441 546 637 638 983 4447 
Max bw is: 834
######################
Dijkstra with heap time taken is: 0.000654
Source: 1548 Target: 4447
######################
1548 1549 1550 2241 3899 3900 3901 2508 2507 1212 1211 1210 4446 4447 
Max bw is: 834
######################
kruskal time taken is: 0.004213
Source: 1548 Target: 4447
######################
1548 1549 4181 3933 4625 3267 716 2573 2574 1540 1539 4980 4646 987 3219 3218 3217 4103 2100 4033 4032 2577 2576 3388 3509 3858 688 1554 1555 4556 4651 4948 1484 3822 3823 4708 3952 1743 4991 1146 1147 643 1267 1268 4059 2919 2920 2095 989 4307 4702 4701 277 278 279 910 2893 1363 1362 1397 1398 676 675 2513 2514 2515 4247 3301 3302 4984 4983 607 2005 4136 4135 639 638 983 4447 
Max bw is: 834
######################
3th iteration of source & target
source: 460target: 1
Dijkstra without heap time taken is: 0.00091
Source: 460 Target: 1
######################
460 459 4237 1764 3512 82 1058 1057 1878 1879 73 1399 332 121 120 140 141 795 794 1315 1316 1317 1443 1 
Max bw is: 3098
######################
Dijkstra with heap time taken is: 0.000894
Source: 460 Target: 1
######################
460 459 4237 1764 3512 1452 1453 2076 3395 3396 3397 3398 3399 1398 1397 1362 3633 2393 2508 4037 2763 3886 3885 1 
Max bw is: 3098
######################
kruskal time taken is: 0.004114
Source: 460 Target: 1
######################
460 459 4237 1764 3512 82 81 3864 989 2095 2920 2919 2918 1520 1519 1164 2629 4175 1473 1474 3980 2259 2258 4792 1978 1654 1653 2282 4077 4078 3198 3197 3339 1316 1317 1443 1 
Max bw is: 3098
######################
4th iteration of source & target
source: 4258target: 3678
Dijkstra without heap time taken is: 0.031201
Source: 4258 Target: 3678
######################
4258 4259 4260 4261 4262 4154 1747 2440 1880 1879 73 256 2101 2545 2192 2038 2039 57 3326 151 123 712 713 2003 2002 3443 3444 3445 176 2923 2924 1300 1623 794 795 796 1943 266 2155 2156 2157 2158 87 3271 845 1573 21 780 1241 1240 1010 311 310 309 3448 3062 564 1355 465 464 463 1005 111 2184 1157 1156 1685 1686 878 2974 2457 2606 180 3278 3277 3148 3147 2941 2940 2939 1339 2975 2123 303 2893 1363 1362 1397 1398 676 675 1893 2356 3556 3063 3064 3281 940 669 668 667 935 936 937 3464 4016 4015 4014 2471 2472 3678 
Max bw is: 3718
######################
Dijkstra with heap time taken is: 0.001297
Source: 4258 Target: 3678
######################
4258 4259 4260 4261 4262 4154 1747 2440 1880 1879 73 256 2101 2545 2192 2038 2039 57 3326 151 123 712 3978 4424 3822 3823 846 845 1573 21 780 1241 1804 366 4268 3544 4062 1270 2600 2599 2598 2597 429 44 43 410 409 408 3267 4625 3933 3932 4543 2802 1023 1024 272 4226 4225 4691 4692 3887 3513 3678 
Max bw is: 3374
######################
kruskal time taken is: 0.004216
Source: 4258 Target: 3678
######################
4258 4259 4260 4261 4262 4154 1747 2440 70 2631 3287 1253 4497 4496 3052 4359 2834 2471 2472 3678 
Max bw is: 3718
######################
*********For pair of graphs******
For first graph:
0th iteration of source & target
source: 1680target: 3526
Dijkstra without heap time taken is: 0.005227
Source: 1680 Target: 3526
######################
1680 4327 1546 3526 
Max bw is: 3939
######################
Dijkstra with heap time taken is: 5.5e-05
Source: 1680 Target: 3526
######################
1680 4327 1546 3526 
Max bw is: 3939
######################
kruskal time taken is: 0.00465
Source: 1680 Target: 3526
######################
1680 4327 1546 3526 
Max bw is: 3939
######################
1th iteration of source & target
source: 3764target: 2732
Dijkstra without heap time taken is: 0.011548
Source: 3764 Target: 2732
######################
3764 4446 1307 1306 1305 2705 2286 201 202 3252 3253 124 1878 1877 1876 3526 1546 1547 2130 2040 2041 1667 1668 2752 904 905 906 1924 1329 1330 1331 65 2505 2126 2125 282 283 943 3394 2733 2732 
Max bw is: 3784
######################
Dijkstra with heap time taken is: 0.000708
Source: 3764 Target: 2732
######################
3764 4446 1307 400 3048 626 625 2188 4822 106 107 659 660 661 1862 3477 1346 3257 3401 4186 1249 1248 135 2687 2686 4736 3237 3368 3367 3366 2733 2732 
Max bw is: 3784
######################
kruskal time taken is: 0.004228
Source: 3764 Target: 2732
######################
3764 4446 1307 1306 1305 2705 2286 4694 2024 2933 1169 1659 2266 461 462 817 818 447 446 1699 1700 1701 1546 3526 1876 1877 1878 124 3253 3252 3251 3264 1201 2614 3749 3948 3947 506 586 1741 3449 1131 1132 2475 573 2418 4020 4019 4018 2789 2788 2587 2588 538 4781 4780 4779 2133 2134 1669 4703 2372 2371 2648 4048 239 240 241 1370 3237 3368 3367 3366 2733 2732 
Max bw is: 3784
######################
2th iteration of source & target
source: 31target: 1652
Dijkstra without heap time taken is: 0.057563
Source: 31 Target: 1652
######################
31 32 1065 1066 1067 445 446 447 818 817 816 1414 1413 658 335 336 1913 1912 55 1866 1865 2282 699 700 701 618 3795 1652 
Max bw is: 3258
######################
Dijkstra with heap time taken is: 0.001202
Source: 31 Target: 1652
######################
31 32 2843 1894 1895 1896 3879 3878 235 236 339 2541 3010 351 605 531 3207 681 682 2666 2665 2664 4965 2764 4068 1652 
Max bw is: 3258
######################
kruskal time taken is: 0.004181
Source: 31 Target: 1652
######################
31 32 1065 1066 1067 1068 3935 3210 2294 2293 1774 1775 2371 2372 4703 1669 2134 2133 4779 4780 4781 538 2588 2587 2788 2789 4018 4019 4020 2418 573 2475 1132 1131 3449 1741 586 506 3947 3948 3749 2614 1201 3264 3251 3252 3253 124 1878 1877 1876 3526 1546 4327 885 1535 422 423 561 562 4793 233 234 1188 3912 850 849 848 1216 2159 1962 4720 4721 2042 1320 4890 3227 3331 3954 2905 3136 3135 3134 493 2763 2764 4068 1652 
Max bw is: 3258
######################
3th iteration of source & target
source: 2693target: 1503
Dijkstra without heap time taken is: 0.096739
Source: 2693 Target: 1503
######################
2693 4156 3651 3652 3653 4981 3187 137 4824 328 3480 2320 3081 4761 1076 1077 1078 829 1503 
Max bw is: 3109
######################
Dijkstra with heap time taken is: 0.00177
Source: 2693 Target: 1503
######################
2693 4156 3651 3652 3653 4981 3187 137 4824 328 3480 2320 3081 4761 1076 1077 1078 829 1503 
Max bw is: 3109
######################
kruskal time taken is: 0.004085
Source: 2693 Target: 1503
######################
2693 4156 3651 3652 3653 4981 3187 137 4824 328 3480 2320 3081 4761 1076 1077 1078 829 1503 
Max bw is: 3109
######################
4th iteration of source & target
source: 1660target: 3565
Dijkstra without heap time taken is: 0.014646
Source: 1660 Target: 3565
######################
1660 4676 4675 4720 1962 2159 1216 848 849 850 3912 1188 234 233 4793 562 561 423 422 1535 885 4327 1546 3526 1876 1877 1878 124 3253 3252 3251 3264 1201 2614 2309 4522 2180 2904 2221 1044 3565 
Max bw is: 4021
######################
Dijkstra with heap time taken is: 0.000704
Source: 1660 Target: 3565
######################
1660 4676 4675 4720 1962 2159 1216 848 849 850 3912 1188 234 233 4793 562 561 423 422 1535 885 4327 1546 1701 1700 1699 446 447 818 817 462 4686 3405 2993 4397 4346 2869 398 3397 1457 3005 1236 1237 22 3549 2180 2904 2221 1044 3565 
Max bw is: 3964
######################
kruskal time taken is: 0.004152
Source: 1660 Target: 3565
######################
1660 4676 4675 4720 1962 2159 1216 848 849 850 3912 1188 234 233 4793 562 561 423 422 1535 885 4327 1546 3526 1876 1877 1878 124 3253 3252 3251 3264 1201 2614 2309 4522 2180 2904 2221 1044 3565 
Max bw is: 4021
######################
